generation:4
name:North Asia
tiles:12,11,9,10,8,7
my_Color:50,205,50
ui_scale:0.01
ui_position:6.509,0.01,2.238
border_width:0.1
borders:1.828,0,2.143,1.809,0,2.276,1.845,0,2.396,1.7,0,2.532,1.771,0,2.672,1.697,0,3.093,1.778,0,3.343,1.764,0,3.607,1.653,0,3.778,1.68,0,3.998,1.721,0,4.06,1.97,0,3.933,2.108,0,3.895,2.064,0,4.073,2.214,0,4.242,2.32,0,4.308,2.563,0,4.441,2.687,0,4.435,2.808,0,4.503,2.886,0,4.545,2.998,0,4.502,3.062,0,4.414,3.118,0,4.464,3.201,0,4.368,3.139,0,4.234,3.377,0,4.252,3.57,0,4.191,3.748,0,4.3,3.845,0,4.267,3.873,0,4.16,4,0,4.101,4.399,0,4.203,4.601,0,4.174,4.629,0,4.101,4.718,0,4.052,5.008,0,3.995,5.209,0,3.986,5.335,0,4.056,5.603,0,3.984,5.772,0,3.88,5.907,0,3.764,6.051,0,3.743,6.151,0,3.665,6.15,0,3.531,6.076,0,3.449,5.942,0,3.468,5.865,0,3.549,5.763,0,3.535,5.882,0,3.419,5.731,0,3.227,5.614,0,3.082,5.504,0,3.076,5.451,0,3.014,5.545,0,2.738,5.527,0,2.575,5.532,0,2.428,5.463,0,2.364,5.287,0,2.482,5.219,0,2.771,5.265,0,3.049,5.152,0,3.218,5.176,0,3.002,5.058,0,2.984,4.702,0,2.947,4.595,0,2.728,4.908,0,2.575,4.973,0,2.303,5.021,0,2.081,4.978,0,1.773|5.316,0,2.321,5.463,0,2.228,5.665,0,2.257,5.8,0,2.209,5.784,0,2.064,5.704,0,2.061,5.672,0,1.936,5.54,0,1.92,5.54,0,1.843,5.653,0,1.782,5.691,0,1.596,5.723,0,1.423,5.781,0,1.291,5.707,0,1.182,5.55,0,1.041,5.399,0,0.9450001,5.351,0,1.005,5.264,0,0.9670001,5.322,0,0.874,5.203,0,0.8100001,5.13,0,0.688,5.059,0,0.7040001,4.988,0,0.8,5.027,0,0.9160001,5.139,0,1.118,5.255,0,1.201,5.29,0,1.368,5.386,0,1.461,5.428,0,1.561,5.402,0,1.795,5.357,0,2.007,5.399,0,2.109,5.322,0,2.289
