generation:4
name:South Asia
tiles:1,2,4,5,3,6
my_Color:0,255,0
ui_scale:0.01
ui_position:2.217,0.01,-1.579
border_width:0.1
borders:0.537,0,-0.407,0.503,0,-0.048,0.227,0,-0.031,0.182,0,-0.117,0.071,0,-0.05,0.07600001,0,-0.003,-0.016,0,0.006,-0.127,0,0.262,0.039,0,0.559,0.126,0,0.5,0.343,0,0.571,0.599,0,0.54,0.671,0,0.501,0.874,0,0.548,0.8340001,0,0.439,0.882,0,0.397,1.263,0,0.529,1.458,0,0.472,1.498,0,0.617,1.451,0,0.823,1.335,0,1.036,1.297,0,1.224,1.35,0,1.367,1.195,0,1.321,1.068,0,1.667,1.171,0,1.853,1.451,0,1.901,1.628,0,1.893,1.839,0,2.065,2.276,0,1.655,2.566,0,1.602,2.64,0,1.509,2.813,0,1.783,3.038,0,1.764,3.151,0,1.567,3.244,0,1.526,3.228,0,1.764,3.24,0,1.903,3.412,0,1.873,3.594,0,1.886,3.767,0,1.862,3.929,0,1.866,4.029,0,1.93,4.069,0,1.834,4.14,0,2.008,4.16,0,2.224,4.317,0,2.244,4.421,0,2.092,4.617,0,1.92,4.884,0,1.645,4.815,0,1.377,4.961,0,1.122,4.926,0,0.92,4.805,0,0.9020001,4.775,0,1.064,4.545,0,1.213,4.45,0,1.133,4.675,0,1.034,4.604,0,0.9070001,4.744,0,0.603,4.752,0,0.433,4.768,0,0.174,4.63,0,-0.109,4.535,0,-0.262,4.424,0,-0.324,4.358,0,-0.434,4.226,0,-0.35,4.16,0,-0.517,4.246,0,-0.555,4.279,0,-0.6620001,4.408,0,-0.826,4.448,0,-1.115,4.39,0,-1.263,4.295,0,-1.368,4.067,0,-1.115,4.004,0,-1.169,4.12,0,-1.48,4.005,0,-1.53,3.889,0,-1.33,3.819,0,-0.994,3.588,0,-0.8880001,3.395,0,-0.55,3.27,0,-0.589,3.182,0,-0.686,3.107,0,-1.013,3.03,0,-1.31,3.001,0,-1.506,2.933,0,-1.665,2.808,0,-1.67,2.654,0,-1.315,2.477,0,-0.952,2.491,0,-0.707,2.306,0,-0.605,2.344,0,-0.534,2.17,0,-0.378,2.064,0,-0.383,1.917,0,-0.517,1.809,0,-0.534,1.577,0,-0.504,1.5,0,-0.258,1.401,0,-0.289,1.592,0,-0.6160001,1.781,0,-0.595,1.941,0,-0.6900001,1.991,0,-0.821,1.928,0,-1.078,1.801,0,-1.316,1.705,0,-1.334,1.56,0,-1.482,1.166,0,-1.572,1.098,0,-1.409,1.026,0,-1.252,0.892,0,-1.131,0.725,0,-0.858,0.61,0,-0.744,0.538,0,-0.417
