verts:2.02,0,0.592,2.126,0,0.62,2.175,0,0.693,2.308,0,0.706,2.427,0,0.656,2.412,0,0.765,2.362,0,0.8890001,2.388,0,1.094,2.5,0,1.112,2.534,0,1.228,2.563,0,1.265,2.537,0,1.402,2.558,0,1.49,2.537,0,1.557,2.397,0,1.588,2.29,0,1.59,2.184,0,1.673,2.094,0,1.762,2.007,0,1.861,1.937,0,1.95,1.87,0,2.035,1.741,0,1.959,1.625,0,1.828,1.471,0,1.874,1.42,0,1.836,1.311,0,1.823,1.27,0,1.784,1.184,0,1.771,1.176,0,1.695,1.106,0,1.666,1.156,0,1.583,1.158,0,1.494,1.226,0,1.452,1.239,0,1.352,1.28,0,1.408,1.411,0,1.428,1.425,0,1.31,1.39,0,1.216,1.315,0,1.183,1.359,0,1.031,1.462,0,1.04,1.448,0,0.95,1.457,0,0.86,1.527,0,0.869,1.525,0,0.799,1.494,0,0.751,1.553,0,0.71,1.571,0,0.623,1.687,0,0.645,1.761,0,0.633,1.822,0,0.596,1.852,0,0.518,1.911,0,0.513,1.963,0,0.485
ID:4
num_troops:0
team:-1
name:Kazakhstan
position:0,0,0
UI_scale_factor:1
UI_position:1.787444,0.01,1.226167
