verts:-4.703,0,-0.979,-4.648,0,-0.86,-4.554,0,-0.807,-4.439,0,-0.874,-4.377,0,-0.851,-4.385,0,-0.749,-4.329,0,-0.706,-4.248,0,-0.7320001,-4.106,0,-0.648,-4.04,0,-0.666,-3.973,0,-0.8470001,-3.825,0,-0.855,-3.791,0,-0.8,-3.63,0,-0.798,-3.521,0,-0.663,-3.615,0,-0.669,-3.747,0,-0.622,-3.841,0,-0.6160001,-3.931,0,-0.554,-4.034,0,-0.473,-4.157,0,-0.345,-4.283,0,-0.37,-4.464,0,-0.325,-4.502,0,-0.334,-4.576,0,-0.325,-4.596,0,-0.262,-4.654,0,-0.267,-4.757,0,-0.295,-4.933,0,-0.42,-5.01,0,-0.441,-5.023,0,-0.645,-5.068,0,-0.708,-5.145,0,-0.71,-5.17,0,-0.881,-5.115,0,-0.8800001,-5.064,0,-0.979,-4.998,0,-0.9480001,-4.909,0,-1.016,-4.784,0,-1.039,-4.728,0,-1.114,-4.682,0,-1.096
ID:31
num_troops:0
team:-1
name:Colombia
position:0,0,0
UI_scale_factor:1
UI_position:-4.498207,0.01,-0.561831
