verts:-4.779,0,-1.175,-4.812,0,-1.133,-4.922,0,-1.104,-5.014,0,-1.049,-5.111,0,-1.074,-5.177,0,-0.9620001,-5.229,0,-0.9540001,-5.285,0,-1.155,-5.268,0,-1.234,-5.268,0,-1.389,-5.218,0,-1.447,-5.189,0,-1.572,-5.004,0,-1.724,-4.996,0,-1.883,-4.778,0,-2.003,-4.705,0,-2.089,-4.668,0,-2.102,-4.611,0,-2.051,-4.57,0,-2.105,-4.581,0,-2.163,-4.453,0,-2.35,-4.387,0,-2.355,-4.405,0,-2.246,-4.338,0,-2.264,-4.301,0,-2.328,-4.21,0,-2.29,-4.085,0,-2.319,-4.058,0,-2.383,-4.011,0,-2.394,-3.981,0,-2.431,-3.832,0,-2.443,-3.867,0,-2.661,-3.644,0,-2.541,-3.716,0,-2.457,-3.736,0,-2.349,-3.857,0,-2.263,-3.854,0,-2.151,-3.937,0,-1.962,-4.033,0,-1.92,-4.069,0,-1.797,-4.193,0,-1.804,-4.23,0,-1.736,-4.319,0,-1.715,-4.38,0,-1.631,-4.437,0,-1.596,-4.477,0,-1.644,-4.737,0,-1.701,-4.778,0,-1.596,-4.692,0,-1.524,-4.843,0,-1.502,-4.996,0,-1.395,-4.964,0,-1.303,-4.893,0,-1.282
ID:32
num_troops:0
team:-1
name:Peru
position:0,0,0
UI_scale_factor:1
UI_position:-4.526378,0.01,-1.824547
