verts:-6.411,0,2.997,-6.432,0,2.819,-6.328,0,2.77,-6.329,0,2.632,-6.394001,0,2.631,-6.412,0,2.556,-6.455,0,2.54,-6.358,0,2.394,-6.314,0,2.311,-6.311,0,2.158,-6.269001,0,2.115,-5.329,0,2.112,-5.25,0,3.052,-6.478,0,3.089
ID:28
num_troops:0
team:-1
name:Alberta
position:0,0,0
UI_scale_factor:1
UI_position:-5.807422,0.01,2.565185
