verts:-2.123,0,1.297,-2.031,0,1.33,-1.937,0,1.405,-1.876,0,1.363,-1.757,0,1.382,-1.619,0,1.396,-1.635,0,1.504,-1.582,0,1.546,-1.527,0,1.623,-1.569,0,1.668,-1.688,0,1.631,-1.71,0,1.715,-1.707,0,1.781,-1.751,0,1.882,-1.834,0,1.984,-1.853,0,2.069,-1.96,0,2.062,-1.999,0,2.12,-1.936,0,2.182,-1.857,0,2.278,-1.872,0,2.358,-1.995,0,2.313,-2.019,0,2.405,-1.98,0,2.481,-1.982,0,2.512,-2.115,0,2.495,-2.143,0,2.409,-2.206,0,2.349,-2.24,0,2.317,-2.171,0,2.269,-2.201,0,2.222,-2.168,0,2.124,-2.126,0,2.074,-2.075,0,2.018,-2.091,0,1.947,-2.138,0,1.885,-2.226,0,1.915,-2.314,0,1.929,-2.384,0,1.823,-2.463,0,1.825,-2.498,0,1.736,-2.481,0,1.682,-2.422,0,1.637,-2.46,0,1.573,-2.506,0,1.494,-2.457,0,1.45,-2.324,0,1.504,-2.254,0,1.508,-2.301,0,1.604,-2.32,0,1.715,-2.261,0,1.772,-2.169,0,1.786,-2.065,0,1.849,-2.014,0,1.819,-2.023,0,1.739,-2.004,0,1.686,-2.011,0,1.587,-2.075,0,1.541,-2.013,0,1.484,-2.046,0,1.415
ID:17
num_troops:0
team:-1
name:British Isles
position:0,0,0
UI_scale_factor:1
UI_position:-1.89019,0.01,1.798981
