verts:-0.239,0,1.175,-0.244,0,1.092,-0.233,0,1.017,-0.31,0,0.934,-0.54,0,0.9310001,-0.568,0,0.9770001,-0.575,0,1.049,-0.5840001,0,1.144,-0.659,0,1.126,-0.754,0,1.011,-0.7920001,0,0.992,-0.91,0,0.9820001,-1.006,0,0.957,-1.04,0,0.9900001,-1.101,0,0.975,-1.119,0,0.836,-1.068,0,0.77,-1.106,0,0.654,-1.09,0,0.587,-1.028,0,0.575,-1.005,0,0.511,-0.923,0,0.452,-0.803,0,0.357,-0.768,0,0.211,-0.8290001,0,0.117,-0.9020001,0,0.106,-0.979,0,0.093,-0.934,0,0.036,-0.8660001,0,0.006,-0.799,0,0.026,-0.731,0,0.102,-0.6900001,0,0.225,-0.723,0,0.301,-0.664,0,0.316,-0.585,0,0.259,-0.577,0,0.319,-0.66,0,0.398,-0.671,0,0.472,-0.714,0,0.468,-0.78,0,0.532,-0.781,0,0.606,-0.712,0,0.655,-0.592,0,0.573,-0.509,0,0.485,-0.489,0,0.354,-0.407,0,0.291,-0.385,0,0.18,-0.372,0,0.056,-0.336,0,-0.031,-0.271,0,-0.041,-0.182,0,-0.05,-0.246,0,0.036,-0.205,0,0.086,-0.194,0,0.158,-0.27,0,0.211,-0.258,0,0.286,-0.151,0,0.309,-0.12,0,0.42,-0.08000001,0,0.521,0.013,0,0.6160001,0.041,0,0.738,0.052,0,0.8470001,0.016,0,0.923,0.001,0,1.025,-0.012,0,1.123,-0.032,0,1.243,-0.111,0,1.263,-0.107,0,1.339,-0.143,0,1.34
ID:14
num_troops:0
team:-1
name:Southern Europe
position:0,0,0
UI_scale_factor:1
UI_position:-0.4654013,0.01,0.6907785
