verts:-7.541,0,0.8850001,-7.565001,0,0.7820001,-7.636,0,0.723,-7.62,0,0.543,-7.562,0,0.553,-7.564,0,0.483,-7.518,0,0.472,-7.508,0,0.401,-7.445,0,0.364,-7.427001,0,0.325,-7.393,0,0.383,-7.351,0,0.37,-7.331,0,0.451,-7.282001,0,0.449,-7.276,0,0.512,-7.191,0,0.471,-7.144001,0,0.53,-7.118001,0,0.477,-7.078001,0,0.466,-7.031,0,0.592,-6.984,0,0.581,-6.942,0,0.509,-6.961,0,0.445,-6.923,0,0.436,-6.87,0,0.4,-6.852,0,0.454,-6.778,0,0.392,-6.762,0,0.47,-6.727,0,0.5330001,-6.763,0,0.633,-6.841001,0,0.637,-6.813,0,0.7360001,-6.737,0,0.7450001,-6.755,0,0.791,-6.852,0,0.779,-6.920001,0,0.8750001,-6.865,0,0.961,-6.844,0,1.011,-6.994,0,1.009,-7.165,0,1.098,-7.299,0,1.035,-7.297,0,0.905,-7.353,0,0.928,-7.363,0,0.868,-7.413001,0,0.92
ID:27
num_troops:0
team:-1
name:Hawaii
position:0,0,0
UI_scale_factor:1
UI_position:-7.177649,0.01,0.7092726
