verts:5.137,0,-3.49,5.125,0,-2.842,5.052,0,-2.809,4.92,0,-2.934,4.837,0,-2.997,4.733,0,-3.069,4.697,0,-3.137,4.541,0,-3.251,4.424,0,-3.265,4.353,0,-3.349,4.237,0,-3.386,4.214,0,-3.517,4.275,0,-3.554,4.251,0,-3.627,4.206,0,-3.632,4.173,0,-3.714,4.246,0,-3.858,4.252,0,-4.008,4.335,0,-4.039,4.361,0,-4.123,4.308,0,-4.255,4.263,0,-4.339,4.422,0,-4.409,4.699,0,-4.245,4.804,0,-4.22,4.827,0,-4.268,4.892,0,-4.252,4.885,0,-4.152,4.995,0,-4.113,5.087,0,-4.11,5.133,0,-4.063,5.293,0,-4.064,5.399,0,-4.103,5.403,0,-4.213,5.441,0,-4.287,5.465,0,-4.224,5.536,0,-4.19,5.573,0,-4.092,5.63,0,-4.107,5.625,0,-4.202,5.547,0,-4.279,5.526,0,-4.346,5.618,0,-4.3,5.663,0,-4.401,5.665,0,-4.516,5.753,0,-4.604,5.737,0,-4.415,5.717,0,-3.608,5.146,0,-3.617
ID:45
num_troops:0
team:-1
name:Western Australia
position:0,0,0
UI_scale_factor:1
UI_position:4.947368,0.01,-3.889694
