verts:-0.6160001,0,2.285,-0.5790001,0,2.332,-0.552,0,2.435,-0.503,0,2.473,-0.476,0,2.549,-0.475,0,2.639,-0.493,0,2.731,-0.495,0,2.831,-0.42,0,2.878,-0.396,0,2.985,-0.348,0,3.069,-0.259,0,3.052,-0.237,0,2.953,-0.258,0,2.88,-0.313,0,2.78,-0.307,0,2.711,-0.22,0,2.71,-0.11,0,2.733,-0.026,0,2.743,-0.002,0,2.902,-0.024,0,3.001,-0.033,0,3.109,-0.049,0,3.235,-0.041,0,3.401,-0.045,0,3.525,-0.026,0,3.634,-0.09200001,0,3.675,-0.148,0,3.658,-0.207,0,3.673,-0.268,0,3.634,-0.393,0,3.566,-0.514,0,3.53,-0.642,0,3.476,-0.6620001,0,3.375,-0.708,0,3.296,-0.772,0,3.193,-0.8340001,0,3.073,-0.98,0,3.035,-0.9960001,0,2.903,-1.084,0,2.93,-1.119,0,2.854,-1.185,0,2.808,-1.104,0,2.678,-1.143,0,2.595,-1.094,0,2.51,-1.044,0,2.425,-0.9480001,0,2.444,-0.9220001,0,2.517,-0.8380001,0,2.521,-0.767,0,2.364,-0.742,0,2.252,-0.669,0,2.222
ID:18
num_troops:0
team:-1
name:Sweden
position:0,0,0
UI_scale_factor:1
UI_position:-0.6014315,0.01,3.005461
