verts:2.786,0,2.005,2.723,0,2.08,2.639,0,2.128,2.655,0,2.222,2.593,0,2.262,2.558,0,2.221,2.5,0,2.25,2.51,0,2.343,2.549,0,2.452,2.617,0,2.529,2.582,0,2.648,2.531,0,2.709,2.524,0,2.842,2.413,0,2.988,2.348,0,3.046,2.344,0,3.228,2.276,0,3.245,2.233,0,3.379,2.149,0,3.435,2.124,0,3.552,2.039,0,3.53,1.954,0,3.579,1.902,0,3.732,1.839,0,3.831,1.892,0,3.931,1.846,0,3.941,1.807,0,3.973,1.734,0,3.999,1.731,0,3.942,1.703,0,3.897,1.754,0,3.85,1.707,0,3.813,1.678,0,3.752,1.733,0,3.732,1.792,0,3.618,1.831,0,3.528,1.829,0,3.41,1.814,0,3.284,1.737,0,3.112,1.739,0,3.033,1.764,0,2.912,1.772,0,2.744,1.8,0,2.679,1.784,0,2.582,1.757,0,2.497,1.837,0,2.475,1.889,0,2.414,1.876,0,2.312,1.835,0,2.237,1.847,0,2.124,1.897,0,2.152,1.964,0,2.061,2.04,0,1.993,2.144,0,1.885,2.214,0,1.814,2.301,0,1.695,2.387,0,1.72,2.453,0,1.693,2.565,0,1.69,2.629,0,1.579,2.669,0,1.72,2.749,0,1.735,2.742,0,1.844,2.852,0,1.859
ID:12
num_troops:0
team:-1
name:Siberia 1
position:0,0,0
UI_scale_factor:1
UI_position:2.148156,0.01,2.772922
