verts:3.573,0,3.704,3.563,0,3.807,3.598,0,3.929,3.628,0,4.019,3.557,0,4.066,3.555,0,4.166,3.478,0,4.185,3.392,0,4.216,3.306,0,4.183,3.22,0,4.184,3.143,0,4.134,3.061,0,4.066,2.979,0,4.026,2.937,0,4.105,2.966,0,4.161,3.023,0,4.161,3.063,0,4.219,3.091,0,4.274,3.152,0,4.337,3.113,0,4.411,3.05,0,4.377,2.957,0,4.43,2.943,0,4.482,2.817,0,4.396,2.776,0,4.45,2.681,0,4.4,2.572,0,4.396,2.451,0,4.316,2.368,0,4.266,2.322,0,4.275,2.305,0,4.185,2.204,0,4.178,2.153,0,4.126,2.321,0,4.066,2.346,0,3.995,2.25,0,3.976,2.167,0,4.016,2.119,0,4.064,2.106,0,4.014,2.168,0,3.954,2.183,0,3.861,2.162,0,3.8,2.087,0,3.8,2.059,0,3.863,1.976,0,3.885,1.985,0,3.777,2.021,0,3.677,2.167,0,3.668,2.237,0,3.499,2.3,0,3.443,2.348,0,3.341,2.403,0,3.302,2.44,0,3.111,2.525,0,3.031,2.6,0,2.908,2.641,0,2.802,2.641,0,2.737,2.686,0,2.657,2.723,0,2.542,2.689,0,2.44,2.634,0,2.373,2.696,0,2.317,2.732,0,2.198,2.794,0,2.13,2.87,0,2.035,2.909,0,1.933,2.929,0,1.816,3.009,0,1.842,3.081,0,1.791,3.161,0,1.732,3.188,0,1.596,3.22,0,1.591,3.226,0,1.653,3.184,0,1.74,3.184,0,1.873,3.119,0,1.939,3.061,0,2.017,3.063,0,2.13,3.065,0,2.246,3.032,0,2.313,3.065,0,2.406,3.113,0,2.508,3.175,0,2.503,3.224,0,2.592,3.342,0,2.559,3.4,0,2.591,3.502,0,2.548,3.462,0,2.72,3.48,0,2.843,3.527,0,2.994,3.523,0,3.151,3.471,0,3.209,3.448,0,3.308,3.409,0,3.381,3.43,0,3.448,3.296,0,3.539,3.298,0,3.651,3.359,0,3.657,3.393,0,3.721,3.456,0,3.703
ID:11
num_troops:0
team:-1
name:Siberia 2
position:0,0,0
UI_scale_factor:1
UI_position:2.88877,0.01,3.33156
