verts:3.34,0,-1.916,3.359,0,-2.013,3.455,0,-2.095,3.538,0,-2.189,3.606,0,-2.437,3.658,0,-2.423,3.784,0,-2.66,3.889,0,-2.746,3.927,0,-2.799,3.976,0,-2.82,4.044,0,-2.865,4.23,0,-2.893,4.328,0,-2.862,4.413,0,-2.899,4.558,0,-2.928,4.595,0,-2.854,4.473,0,-2.796,4.494,0,-2.705,4.553,0,-2.566,4.638,0,-2.664,4.703,0,-2.62,4.657,0,-2.494,4.591,0,-2.468,4.607,0,-2.373,4.688,0,-2.35,4.707,0,-2.32,4.598,0,-2.3,4.598,0,-2.228,4.749,0,-2.239,4.82,0,-2.145,4.77,0,-2.111,4.72,0,-2.176,4.55,0,-2.18,4.458,0,-2.108,4.428,0,-1.938,4.487,0,-1.873,4.493,0,-1.776,4.334,0,-1.691,4.301,0,-1.8,4.248,0,-1.842,4.265,0,-1.924,4.097,0,-2.079,3.983,0,-2.102,3.956,0,-2.192,3.868,0,-2.205,3.768,0,-2.218,3.736,0,-2.161,3.684,0,-2.18,3.658,0,-2.093,3.578,0,-2.101,3.507,0,-1.962,3.407,0,-1.948
ID:43
num_troops:0
team:-1
name:Indonesia
position:0,0,0
UI_scale_factor:1
UI_position:4.189847,0.01,-2.313981
