verts:-3.063,0,2.897,-3.033,0,3.017,-3.007,0,3.198,-2.95,0,3.288,-2.788,0,3.275,-2.756,0,3.331,-2.666,0,3.371,-2.585,0,3.394,-2.545,0,3.519,-2.466,0,3.519,-2.398,0,3.557,-2.439,0,3.657,-2.39,0,3.719,-2.319,0,3.598,-2.261,0,3.649,-2.302,0,3.717,-2.374,0,3.788,-2.36,0,3.894,-2.278,0,3.843,-2.225,0,3.912,-2.242,0,4.001,-2.216,0,4.119,-2.271,0,4.198,-2.231,0,4.337,-2.19,0,4.394,-2.135,0,4.435,-2.143,0,4.49,-2.256,0,4.458,-2.277,0,4.399,-2.451,0,4.384,-2.497,0,4.431,-2.593,0,4.416,-2.604,0,4.491,-2.467,0,4.544,-2.544,0,4.593,-2.64,0,4.608,-2.721,0,4.621,-2.83,0,4.625,-2.884,0,4.619,-2.99,0,4.58,-3.129,0,4.559,-3.119,0,4.491,-3.251,0,4.425,-3.275,0,4.364,-3.366,0,4.342,-3.469,0,4.338,-3.612,0,4.285,-3.701,0,4.237,-3.768,0,4.189,-3.738,0,4.122,-3.821,0,4.09,-3.951,0,4.063,-3.853,0,4.02,-3.932,0,3.99,-3.988,0,3.958,-3.973,0,3.907,-3.921,0,3.941,-3.872,0,3.902,-3.783,0,3.896,-3.749,0,3.943,-3.655,0,3.962,-3.582,0,3.936,-3.52,0,3.843,-3.484,0,3.782,-3.443,0,3.722,-3.433,0,3.596,-3.383,0,3.549,-3.46,0,3.508,-3.388,0,3.502,-3.305,0,3.436,-3.332,0,3.303,-3.388,0,3.282,-3.349,0,3.22,-3.345,0,3.111,-3.326,0,3.034,-3.3,0,2.934,-3.232,0,2.88,-3.206,0,2.827,-3.153,0,2.814,-3.085,0,2.767
ID:21
num_troops:0
team:-1
name:Greenland
position:0,0,0
UI_scale_factor:1
UI_position:-3.012838,0.01,3.86195
