verts:-0.906,0,1.079,-0.848,0,1.085,-0.78,0,1.129,-0.743,0,1.216,-0.576,0,1.261,-0.493,0,1.261,-0.478,0,1.177,-0.489,0,1.077,-0.463,0,1.021,-0.319,0,1.016,-0.331,0,1.056,-0.341,0,1.154,-0.295,0,1.233,-0.232,0,1.321,-0.252,0,1.411,-0.147,0,1.468,-0.082,0,1.548,-0.047,0,1.678,-0.07600001,0,1.733,-0.085,0,1.897,-0.11,0,2.03,-0.19,0,2.05,-0.278,0,2.099,-0.398,0,2.114,-0.439,0,2.069,-0.516,0,2.054,-0.638,0,2.036,-0.761,0,2.043,-0.8290001,0,2.104,-0.831,0,2.19,-0.8340001,0,2.249,-0.864,0,2.318,-0.919,0,2.246,-0.9,0,2.16,-0.8840001,0,2.065,-0.9110001,0,1.957,-1.044,0,1.833,-1.065,0,1.721,-1.147,0,1.574,-1.198,0,1.566,-1.224,0,1.522,-1.259,0,1.432,-1.313,0,1.336,-1.208,0,1.198,-1.111,0,1.066,-1.027,0,1.092,-0.975,0,1.041
ID:15
num_troops:0
team:-1
name:Central Europe
position:0,0,0
UI_scale_factor:1
UI_position:-0.6565107,0.01,1.595447
