verts:7.066,0,-2.826,7.127,0,-2.943,7.177001,0,-3.084,7.22,0,-3.343,7.365,0,-3.383,7.477,0,-3.422,7.690001,0,-2.835,7.74,0,-2.449,7.716001,0,-2.382,7.609,0,-2.518,7.436,0,-2.677,7.271,0,-2.776
ID:47
num_troops:0
team:-1
name:North New Zealand
position:0,0,0
UI_scale_factor:1
UI_position:7.407834,0.01,-2.8865
