verts:4.476,0,1.046,4.413,0,1.118,4.443,0,1.169,4.494,0,1.257,4.557,0,1.296,4.597,0,1.205,4.676,0,1.2,4.739,0,1.108,4.823,0,1.087,4.827,0,0.9310001,4.862,0,0.9310001,4.916,0,1.005,4.909,0,1.123,4.862,0,1.21,4.734,0,1.34,4.759,0,1.391,4.83,0,1.603,4.775,0,1.629,4.729,0,1.724,4.644,0,1.749,4.595,0,1.862,4.538,0,1.885,4.472,0,1.939,4.434,0,2.026,4.374,0,2.084,4.3,0,2.133,4.299,0,2.19,4.199,0,2.172,4.21,0,2.095,4.154,0,2.021,4.197,0,1.981,4.192,0,1.915,4.11,0,1.775,4.034,0,1.794,3.984,0,1.84,3.943,0,1.79,3.885,0,1.813,3.812,0,1.769,3.724,0,1.813,3.534,0,1.846,3.492,0,1.807,3.405,0,1.816,3.267,0,1.859,3.265,0,1.748,3.322,0,1.675,3.3,0,1.574,3.296,0,1.475,3.343,0,1.32,3.392,0,1.262,3.453,0,1.164,3.576,0,1.126,3.621,0,1.022,3.797,0,1.051,3.947,0,0.9900001,4.005,0,0.9580001,4.166,0,1.038,4.211,0,0.969,4.274,0,1.011,4.351,0,0.956,4.483,0,0.9250001,4.563,0,0.9170001,4.63,0,1.002
ID:6
num_troops:0
team:-1
name:Mongolia
position:0,0,0
UI_scale_factor:1
UI_position:4.120555,0.01,1.432872
