verts:0.051,0,4.119,0.167,0,4.187,0.125,0,4.219,0.031,0,4.253,-0.068,0,4.268,-0.206,0,4.288,-0.33,0,4.316,-0.383,0,4.268,-0.464,0,4.206,-0.615,0,4.195,-0.62,0,4.116,-0.532,0,4.038,-0.534,0,3.906,-0.398,0,3.84,0.051,0,3.937
ID:20
num_troops:0
team:-1
name:Svalbard
position:0,0,0
UI_scale_factor:1
UI_position:-0.2483333,0.01,4.143734
