verts:0.229,0,0.027,0.346,0,-0.009000001,0.459,0,0.026,0.524,0,-0.082,0.538,0,-0.181,0.618,0,-0.379,0.615,0,-0.459,0.592,0,-0.554,0.588,0,-0.694,0.697,0,-0.795,0.807,0,-0.983,0.9220001,0,-1.134,1.019,0,-1.206,1.1,0,-1.227,1.104,0,-1.442,1.193,0,-1.54,1.396,0,-1.506,1.599,0,-1.406,1.683,0,-1.284,1.766,0,-1.29,1.831,0,-1.138,1.911,0,-1.008,1.938,0,-0.8610001,1.917,0,-0.731,1.811,0,-0.694,1.761,0,-0.614,1.71,0,-0.663,1.587,0,-0.673,1.509,0,-0.577,1.429,0,-0.481,1.368,0,-0.369,1.355,0,-0.31,1.405,0,-0.238,1.448,0,-0.207,1.525,0,-0.146,1.54,0,-0.195,1.547,0,-0.261,1.549,0,-0.353,1.592,0,-0.465,1.74,0,-0.486,1.776,0,-0.39,1.861,0,-0.503,2.008,0,-0.355,1.969,0,-0.19,1.926,0,-0.049,1.894,0,0.06,1.85,0,0.122,1.862,0,0.425,1.788,0,0.456,1.665,0,0.551,1.555,0,0.539,1.463,0,0.42,1.231,0,0.471,0.8940001,0,0.359,0.803,0,0.429,0.812,0,0.504,0.6670001,0,0.437,0.631,0,0.498,0.527,0,0.522,0.368,0,0.509,0.269,0,0.474,0.139,0,0.455,0.066,0,0.496,0.033,0,0.478,0.004,0,0.441,-0.048,0,0.332,-0.032,0,0.269,-0.096,0,0.229,-0.033,0,0.148,-0.006,0,0.043,0.09900001,0,0.028,0.157,0,-0.06500001
ID:1
num_troops:0
team:-1
name:Middle East
position:0,0,0
UI_scale_factor:1
UI_position:1.076678,0.01,-0.1503129
