verts:-4.963,0,1.312,-5.225,0,1.289,-5.262,0,1.145,-5.362,0,1.123,-5.393,0,0.914,-5.485,0,0.8610001,-5.471,0,0.6850001,-5.526,0,0.541,-5.508,0,0.53,-5.424,0,0.684,-5.365,0,0.748,-5.259,0,0.776,-5.126,0,0.809,-4.947,0,0.809,-4.759,0,0.7590001,-4.642,0,0.774,-4.556,0,0.6300001,-4.557,0,0.53,-4.504,0,0.482,-4.445,0,0.504,-4.472,0,0.656,-4.472,0,0.804,-4.403,0,0.914,-4.157,0,1.119,-4.22,0,1.186,-4.202,0,1.274,-4.05,0,1.413,-3.971,0,1.449,-3.965,0,1.56,-3.925,0,1.627,-3.862,0,1.714,-3.818,0,1.732,-3.827,0,1.784,-3.829,0,1.88,-3.864,0,1.878,-3.873,0,1.797,-3.965,0,1.749,-4.071,0,1.73,-4.204,0,1.738,-4.261,0,1.758,-4.329,0,1.712,-4.431,0,1.671,-4.422,0,1.612,-4.52,0,1.558,-4.63,0,1.63,-4.64,0,1.691,-4.61,0,1.767,-4.623,0,1.884,-4.697,0,2.029,-4.939,0,1.987,-4.935,0,2.105,-4.994,0,2.081
ID:25
num_troops:0
team:-1
name:Eastern US
position:0,0,0
UI_scale_factor:1
UI_position:-4.595385,0.01,1.296039
