verts:-0.173,0,-1.255,-0.243,0,-1.2,-0.311,0,-1.146,-0.423,0,-1.116,-0.534,0,-1.122,-0.595,0,-1.075,-0.688,0,-1.042,-0.7830001,0,-0.952,-0.7920001,0,-0.735,-0.8340001,0,-0.631,-0.793,0,-0.48,-0.8,0,-0.43,-0.723,0,-0.353,-0.731,0,-0.254,-0.762,0,-0.18,-0.839,0,-0.117,-0.876,0,-0.06500001,-1.01,0,-0.06900001,-1.22,0,-0.142,-1.281,0,-0.229,-1.377,0,-0.208,-1.526,0,-0.278,-1.621,0,-0.28,-1.739,0,-0.287,-1.723,0,-0.383,-1.788,0,-0.452,-1.883,0,-0.6850001,-1.918,0,-0.793,-1.977,0,-0.9030001,-2.042,0,-1.019,-1.999,0,-1.086,-2.002,0,-1.202,-1.994,0,-1.308,-2.021,0,-1.413,-2.069,0,-1.503,-2.018,0,-1.635,-1.897,0,-1.652,-1.901,0,-1.725,-1.819,0,-1.788,-1.845,0,-1.867,-1.754,0,-1.893,-1.734,0,-1.972,-1.658,0,-1.973,-1.583,0,-2.074,-1.241,0,-2.055,-1.169,0,-1.997,-0.924,0,-2.001,-0.901,0,-2.113,-0.728,0,-2.101,-0.6760001,0,-2.127,-0.675,0,-2.232,-0.433,0,-2.238,-0.446,0,-2.147,-0.487,0,-2.046,-0.457,0,-1.954,-0.151,0,-1.789,-0.123,0,-1.685,-0.143,0,-1.576,-0.101,0,-1.458,-0.132,0,-1.373,-0.078,0,-1.348,-0.081,0,-1.274
ID:41
num_troops:0
team:-1
name:Mauritania
position:0,0,0
UI_scale_factor:1
UI_position:-1.084597,0.01,-1.201387
