verts:-7.447001,0,3.59,-7.57,0,3.57,-7.543,0,3.403,-7.453001,0,3.439,-7.407001,0,3.406,-7.494,0,3.307,-7.576,0,3.349,-7.654,0,3.334,-7.659,0,3.245,-7.748,0,3.141,-7.653,0,3.174,-7.655,0,3.106,-7.59,0,3.086,-7.578001,0,3.004,-7.453001,0,3.042,-7.399,0,2.994,-7.486001,0,2.864,-7.664001,0,2.765,-7.617001,0,2.723,-7.342,0,2.944,-7.273,0,2.969,-7.25,0,3.049,-7.107,0,3.109,-7.063,0,3.043,-7.123,0,2.992,-6.989,0,3.025,-6.925,0,3.078,-6.854,0,2.995,-6.802001,0,3.003,-6.758,0,2.928,-6.694,0,2.939,-6.667,0,2.895,-6.591,0,2.89,-6.586,0,2.784,-6.54,0,2.739,-6.536,0,2.659,-6.498,0,2.623,-6.425,0,2.704,-6.519001,0,2.807,-6.511,0,2.947,-6.564,0,3.048,-6.716001,0,3.09,-6.691,0,3.762,-6.814,0,3.773,-6.873,0,3.84,-6.935,0,3.819,-7.017,0,3.901,-7.081,0,3.901,-7.169,0,3.857,-7.256001,0,3.862,-7.324,0,3.803,-7.442,0,3.796,-7.383,0,3.656,-7.31,0,3.62,-7.369,0,3.543
ID:30
num_troops:0
team:-1
name:Alaska
position:0,0,0
UI_scale_factor:1
UI_position:-7.063569,0.01,3.416554
