verts:-0.014,0,-1.132,0.061,0,-1.016,0.595,0,-1.017,0.6020001,0,-0.919,0.546,0,-0.83,0.424,0,-0.698,0.441,0,-0.603,0.532,0,-0.6440001,0.507,0,-0.493,0.471,0,-0.523,0.417,0,-0.514,0.378,0,-0.554,0.155,0,-0.475,0.002,0,-0.463,-0.068,0,-0.401,-0.277,0,-0.416,-0.395,0,-0.463,-0.513,0,-0.428,-0.567,0,-0.354,-0.625,0,-0.334,-0.615,0,-0.39,-0.715,0,-0.466,-0.668,0,-0.536,-0.749,0,-0.564,-0.754,0,-0.6300001,-0.701,0,-0.689,-0.68,0,-0.8660001,-0.6720001,0,-0.937,-0.591,0,-0.928,-0.5420001,0,-1.003,-0.49,0,-0.97,-0.422,0,-1.022,-0.387,0,-1.002,-0.235,0,-1.032,-0.213,0,-1.112,-0.167,0,-1.101,-0.103,0,-1.165
ID:42
num_troops:0
team:-1
name:Egypt
position:0,0,0
UI_scale_factor:1
UI_position:-0.163027,0.01,-0.7213514
