verts:0.049,0,-3.022,0.214,0,-3.057,0.238,0,-2.903,0.328,0,-2.867,0.3,0,-2.614,0.365,0,-2.629,0.395,0,-2.466,0.481,0,-2.448,0.531,0,-2.377,0.551,0,-2.352,0.603,0,-2.246,0.549,0,-2.204,0.461,0,-2.235,0.342,0,-2.209,0.304,0,-2.149,0.237,0,-2.207,0.132,0,-2.043,0.115,0,-1.949,-0.005,0,-1.842,-0.031,0,-1.755,-0.067,0,-1.849,-0.383,0,-2.021,-0.37,0,-2.103,-0.358,0,-2.289,-0.426,0,-2.341,-0.478,0,-2.313,-0.613,0,-2.319,-0.6670001,0,-2.36,-0.716,0,-2.301,-0.71,0,-2.381,-0.777,0,-2.47,-0.642,0,-2.636,-0.64,0,-2.536,-0.563,0,-2.642,-0.481,0,-2.639,-0.421,0,-2.697,-0.303,0,-2.701,-0.209,0,-2.642,-0.216,0,-2.805,-0.036,0,-2.783,0.01,0,-2.89,0.049,0,-2.952
ID:39
num_troops:0
team:-1
name:Angola
position:0,0,0
UI_scale_factor:1
UI_position:-0.06804762,0.01,-2.434381
