verts:2.19,0,-0.322,2.249,0,-0.427,2.331,0,-0.427,2.342,0,-0.491,2.412,0,-0.536,2.372,0,-0.6,2.453,0,-0.651,2.535,0,-0.661,2.51,0,-0.901,2.568,0,-1.045,2.601,0,-1.167,2.646,0,-1.204,2.742,0,-1.409,2.839,0,-1.658,2.903,0,-1.623,2.909,0,-1.53,2.973,0,-1.504,2.968,0,-1.452,2.985,0,-1.299,2.983,0,-1.198,3.059,0,-0.8940001,3.092,0,-0.7730001,3.137,0,-0.697,3.178,0,-0.549,3.264,0,-0.5330001,3.285,0,-0.43,3.334,0,-0.315,3.4,0,-0.245,3.459,0,-0.144,3.459,0,-0.044,3.348,0,-0.039,3.281,0,-0.085,3.188,0,-0.035,3.159,0,0.02,3.083,0,0.045,2.991,0,0.086,2.898,0,0.121,2.738,0,0.217,2.66,0,0.267,2.652,0,0.349,2.699,0,0.425,2.695,0,0.565,2.604,0,0.571,2.563,0,0.608,2.508,0,0.6020001,2.45,0,0.5560001,2.372,0,0.5560001,2.286,0,0.618,2.224,0,0.608,2.206,0,0.521,2.083,0,0.524,2.066,0,0.464,2.013,0,0.376,1.951,0,0.355,1.924,0,0.145,1.965,0,0.127,2.015,0,-0.025,2.068,0,-0.155,2.103,0,-0.337
ID:2
num_troops:0
team:-1
name:India
position:0,0,0
UI_scale_factor:1
UI_position:2.677475,0.01,-0.2826949
