verts:-1.551,0,2.788,-1.455,0,2.817,-1.415,0,2.887,-1.358,0,2.952,-1.385,0,3.021,-1.433,0,3.097,-1.463,0,3.143,-1.547,0,3.18,-1.59,0,3.148,-1.648,0,3.099,-1.726,0,3.084,-1.856,0,3.089,-1.9,0,3.02,-1.941,0,3.051,-1.932,0,3.11,-2.029,0,3.126,-2.092,0,3.112,-2.119,0,3.042,-2.06,0,3.005,-2.035,0,2.952,-2.106,0,2.915,-2.101,0,2.86,-2.013,0,2.872,-1.983,0,2.782,-2.024,0,2.72,-1.836,0,2.718,-1.774,0,2.654,-1.68,0,2.692,-1.652,0,2.786
ID:19
num_troops:0
team:-1
name:Iceland
position:0,0,0
UI_scale_factor:1
UI_position:-1.782897,0.01,2.955931
