generation:5
name:Europe
tiles:16,11,13,12,14,15,18,17
my_Color:0,0,0
ui_scale:0.005
ui_position:-1.543,0.01,3.604
border_width:0.1
borders:-2.222,0,0.029,-2.155,0,0.27,-2.23,0,0.6070001,-2.074,0,0.582,-1.805,0,0.589,-1.811,0,0.811,-1.973,0,1.017,-1.804,0,1.091,-1.384,0,1.335,-1.116,0,1.686|-2.222,0,0.029,-2.155,0,0.27,-2.23,0,0.6070001,-2.074,0,0.582,-1.805,0,0.589,-1.811,0,0.811,-1.973,0,1.017,-1.804,0,1.091,-1.384,0,1.335,-1.116,0,1.686|-1.132,0,2.651,-1.151,0,2.923,-0.952,0,3.057,-0.665,0,3.479,-0.119,0,3.716,0.407,0,3.62,0.587,0,3.528,0.277,0,3.312,0.406,0,3.169,0.643,0,3.338,0.671,0,3.566,0.8010001,0,3.551,0.904,0,3.448,1.587,0,3.655|-1.132,0,2.651,-1.151,0,2.923,-0.952,0,3.057,-0.665,0,3.479,-0.119,0,3.716,0.407,0,3.62,0.587,0,3.528,0.277,0,3.312,0.406,0,3.169,0.643,0,3.338,0.671,0,3.566,0.8010001,0,3.551,0.904,0,3.448,1.587,0,3.655|-2.146,0,1.274,-2.067,0,1.472,-2.202,0,1.487,-2.464,0,1.404,-2.566,0,1.48,-2.514,0,1.607,-2.547,0,1.834,-2.212,0,1.982,-2.264,0,2.324,-2.091,0,2.521,-1.948,0,2.54,-1.984,0,2.415,-1.877,0,2.369|-2.146,0,1.274,-2.067,0,1.472,-2.202,0,1.487,-2.464,0,1.404,-2.566,0,1.48,-2.514,0,1.607,-2.547,0,1.834,-2.212,0,1.982,-2.264,0,2.324,-2.091,0,2.521,-1.948,0,2.54,-1.984,0,2.415,-1.877,0,2.369|-2.038,0,3.177,-1.835,0,3.11,-1.541,0,3.215,-1.323,0,2.99,-1.379,0,2.82|-2.038,0,3.177,-1.835,0,3.11,-1.541,0,3.215,-1.323,0,2.99,-1.379,0,2.82|-2.109,0,3.162,-2.157,0,2.919,-2.052,0,2.702|-2.109,0,3.162,-2.157,0,2.919,-2.052,0,2.702|-0.411,0,3.824,-0.581,0,3.9,-0.6440001,0,4.226,-0.299,0,4.377,0.053,0,4.288,0.21,0,4.237,0.11,0,4.057,0.143,0,3.911,-0.277,0,3.809|-0.411,0,3.824,-0.581,0,3.9,-0.6440001,0,4.226,-0.299,0,4.377,0.053,0,4.288,0.21,0,4.237,0.11,0,4.057,0.143,0,3.911,-0.277,0,3.809
