generation:4
name:north asia
tiles:42,44,46,47,45,48,43
my_Color:0,0,0
ui_scale:0.005
ui_position:6.219,0.01,1.863
border_width:0.1
borders:5.508,0,0.992,5.766,0,1.237,5.725,0,1.503,5.705,0,1.733,5.526,0,1.877,5.669,0,1.952,5.703,0,2.054,5.829,0,2.075,5.746,0,2.265,5.491,0,2.254,5.352,0,2.361,5.323,0,2.254,5.36,0,1.985,5.379,0,1.794,5.43,0,1.563,5.291,0,1.352,5.245,0,1.209,5.175,0,1.164,5.029,0,0.8750001,5.056,0,0.729,5.128,0,0.655,5.299,0,0.892,5.258,0,0.9990001,5.358,0,0.9990001,5.435,0,0.9810001|5.508,0,0.992,5.766,0,1.237,5.725,0,1.503,5.705,0,1.733,5.526,0,1.877,5.669,0,1.952,5.703,0,2.054,5.829,0,2.075,5.746,0,2.265,5.491,0,2.254,5.352,0,2.361,5.323,0,2.254,5.36,0,1.985,5.379,0,1.794,5.43,0,1.563,5.291,0,1.352,5.245,0,1.209,5.175,0,1.164,5.029,0,0.8750001,5.056,0,0.729,5.128,0,0.655,5.299,0,0.892,5.258,0,0.9990001,5.358,0,0.9990001,5.435,0,0.9810001|5.527,0,2.359,5.578,0,2.647,5.482,0,3.071,5.673,0,3.117,5.821,0,3.356,5.897,0,3.428,5.822001,0,3.525,5.893,0,3.529,5.958,0,3.435,6.101,0,3.449,6.177001,0,3.572,6.088,0,3.7,5.936,0,3.751,5.81,0,3.88,5.693,0,3.958,5.514,0,4.032,5.295,0,4.092,5.232,0,3.995,4.77,0,4.099,4.625,0,4.099,4.596,0,4.151,4.008,0,4.114,3.86,0,4.218,3.837,0,4.295,3.754,0,4.307,3.64,0,4.206,3.436,0,4.251,3.173,0,4.236,3.207,0,4.348,3.111,0,4.456,2.944,0,4.539,2.77,0,4.479,2.467,0,4.404,2.321,0,4.31,2.172,0,4.192,2.063,0,4.129,2.123,0,3.905,1.965,0,3.934,1.728,0,4.044,1.693,0,3.749|5.527,0,2.359,5.578,0,2.647,5.482,0,3.071,5.673,0,3.117,5.821,0,3.356,5.897,0,3.428,5.822001,0,3.525,5.893,0,3.529,5.958,0,3.435,6.101,0,3.449,6.177001,0,3.572,6.088,0,3.7,5.936,0,3.751,5.81,0,3.88,5.693,0,3.958,5.514,0,4.032,5.295,0,4.092,5.232,0,3.995,4.77,0,4.099,4.625,0,4.099,4.596,0,4.151,4.008,0,4.114,3.86,0,4.218,3.837,0,4.295,3.754,0,4.307,3.64,0,4.206,3.436,0,4.251,3.173,0,4.236,3.207,0,4.348,3.111,0,4.456,2.944,0,4.539,2.77,0,4.479,2.467,0,4.404,2.321,0,4.31,2.172,0,4.192,2.063,0,4.129,2.123,0,3.905,1.965,0,3.934,1.728,0,4.044,1.693,0,3.749
