generation:4
name:dd
tiles:31,40,32,41,33
my_Color:0,0,0
ui_scale:0.005
ui_position:2.137,0.01,-1.668
border_width:0.1
borders:3.2,0,1.528,3.459,0,1.095,3.732,0,0.946,3.99,0,0.9390001,4.592,0,0.8610001,4.721,0,0.5190001,4.766,0,0.072,4.612,0,-0.16,4.352,0,-0.444,4.211,0,-0.378,4.156,0,-0.464,4.322,0,-0.673,4.479,0,-1.059,4.303,0,-1.359,4.201,0,-1.206,4.088,0,-1.131,4.058,0,-1.233,4.112,0,-1.44,4.051,0,-1.531,3.876,0,-1.366,3.802,0,-0.983,3.574,0,-0.837,3.369,0,-0.538,3.228,0,-0.588,3.105,0,-0.9310001,2.981,0,-1.502,2.868,0,-1.696,2.718,0,-1.451,2.481,0,-0.997,2.482,0,-0.7220001,2.315,0,-0.58,2.142,0,-0.38,1.943,0,-0.475,1.8,0,-0.559,1.906,0,-0.691,1.975,0,-0.98,1.805,0,-1.333,1.599,0,-1.443,1.182,0,-1.567|3.2,0,1.528,3.459,0,1.095,3.732,0,0.946,3.99,0,0.9390001,4.592,0,0.8610001,4.721,0,0.5190001,4.766,0,0.072,4.612,0,-0.16,4.352,0,-0.444,4.211,0,-0.378,4.156,0,-0.464,4.322,0,-0.673,4.479,0,-1.059,4.303,0,-1.359,4.201,0,-1.206,4.088,0,-1.131,4.058,0,-1.233,4.112,0,-1.44,4.051,0,-1.531,3.876,0,-1.366,3.802,0,-0.983,3.574,0,-0.837,3.369,0,-0.538,3.228,0,-0.588,3.105,0,-0.9310001,2.981,0,-1.502,2.868,0,-1.696,2.718,0,-1.451,2.481,0,-0.997,2.482,0,-0.7220001,2.315,0,-0.58,2.142,0,-0.38,1.943,0,-0.475,1.8,0,-0.559,1.906,0,-0.691,1.975,0,-0.98,1.805,0,-1.333,1.599,0,-1.443,1.182,0,-1.567|0.532,0,-0.407,0.515,0,-0.033,0.146,0,-0.079,-0.114,0,0.244|0.532,0,-0.407,0.515,0,-0.033,0.146,0,-0.079,-0.114,0,0.244|0.079,0,0.568,0.253,0,0.507,0.735,0,0.528,0.8380001,0,0.536|0.079,0,0.568,0.253,0,0.507,0.735,0,0.528,0.8380001,0,0.536|3.142,0,1.563,3.03,0,1.766,2.805,0,1.744,2.612,0,1.584,2.234,0,1.695,1.885,0,2.079,1.7,0,1.96|3.142,0,1.563,3.03,0,1.766,2.805,0,1.744,2.612,0,1.584,2.234,0,1.695,1.885,0,2.079,1.7,0,1.96
