generation:3
name:australia
tiles:36,34,35,37,39,38,49
my_Color:0,0,0
ui_scale:0.005
ui_position:6.643,0.01,-2.279
border_width:0.2
borders:3.382,0,-1.915,3.541,0,-1.958,3.778,0,-2.164,3.927,0,-2.2,3.945,0,-2.057,4.174,0,-1.935,4.213,0,-1.801,4.299,0,-1.651,4.532,0,-1.738,4.587,0,-1.881,4.493,0,-1.984,4.524,0,-2.105,4.739,0,-2.097,4.829,0,-2.102,4.835,0,-2.234,4.74,0,-2.295,4.71,0,-2.431,4.748,0,-2.587,4.696,0,-2.738,4.574,0,-2.671,4.557,0,-2.744,4.634,0,-2.838,4.589,0,-2.958,4.216,0,-2.95,4.033,0,-2.907,3.844,0,-2.824,3.726,0,-2.649,3.671,0,-2.494,3.565,0,-2.464,3.332,0,-2.085,3.296,0,-1.89|3.382,0,-1.915,3.541,0,-1.958,3.778,0,-2.164,3.927,0,-2.2,3.945,0,-2.057,4.174,0,-1.935,4.213,0,-1.801,4.299,0,-1.651,4.532,0,-1.738,4.587,0,-1.881,4.493,0,-1.984,4.524,0,-2.105,4.739,0,-2.097,4.829,0,-2.102,4.835,0,-2.234,4.74,0,-2.295,4.71,0,-2.431,4.748,0,-2.587,4.696,0,-2.738,4.574,0,-2.671,4.557,0,-2.744,4.634,0,-2.838,4.589,0,-2.958,4.216,0,-2.95,4.033,0,-2.907,3.844,0,-2.824,3.726,0,-2.649,3.671,0,-2.494,3.565,0,-2.464,3.332,0,-2.085,3.296,0,-1.89|5.045,0,-2.76,4.579,0,-3.143,4.331,0,-3.299,4.193,0,-3.333,4.192,0,-3.545,4.164,0,-3.699,4.186,0,-3.933,4.269,0,-4.07,4.224,0,-4.287,4.342,0,-4.391,4.565,0,-4.381,4.73,0,-4.279,4.856,0,-4.311,4.933,0,-4.298,4.962,0,-4.173,5.354,0,-4.115,5.379,0,-4.278,5.464,0,-4.35,5.624,0,-4.405,5.628,0,-4.578,5.787,0,-4.668,5.982,0,-4.668,6.068,0,-4.575,6.263,0,-4.542,6.342,0,-4.215,6.457,0,-4.083,6.544,0,-3.587,6.383,0,-3.299,6.26,0,-3.13,6.18,0,-3.095,6.152,0,-2.869,6.064,0,-2.701,5.925,0,-2.522,5.84,0,-2.571,5.818,0,-2.827,5.791,0,-2.896,5.681,0,-2.83,5.579,0,-2.782,5.646,0,-2.601,5.578,0,-2.525,5.331,0,-2.547,5.143,0,-2.704|5.045,0,-2.76,4.579,0,-3.143,4.331,0,-3.299,4.193,0,-3.333,4.192,0,-3.545,4.164,0,-3.699,4.186,0,-3.933,4.269,0,-4.07,4.224,0,-4.287,4.342,0,-4.391,4.565,0,-4.381,4.73,0,-4.279,4.856,0,-4.311,4.933,0,-4.298,4.962,0,-4.173,5.354,0,-4.115,5.379,0,-4.278,5.464,0,-4.35,5.624,0,-4.405,5.628,0,-4.578,5.787,0,-4.668,5.982,0,-4.668,6.068,0,-4.575,6.263,0,-4.542,6.342,0,-4.215,6.457,0,-4.083,6.544,0,-3.587,6.383,0,-3.299,6.26,0,-3.13,6.18,0,-3.095,6.152,0,-2.869,6.064,0,-2.701,5.925,0,-2.522,5.84,0,-2.571,5.818,0,-2.827,5.791,0,-2.896,5.681,0,-2.83,5.579,0,-2.782,5.646,0,-2.601,5.578,0,-2.525,5.331,0,-2.547,5.143,0,-2.704|7.18,0,-3.378,7.044,0,-2.812,7.266,0,-2.679,7.617001,0,-2.422,7.734,0,-2.342,7.777,0,-2.582,7.704,0,-3.019,7.603,0,-3.414,7.816,0,-3.61,7.729001,0,-3.753,7.630001,0,-3.847,7.687,0,-4.046,7.638,0,-4.521,7.577,0,-4.665,7.474,0,-4.742,7.269001,0,-4.717,7.058001,0,-4.662,6.942,0,-4.526,6.902,0,-4.367,6.957,0,-4.049,7.049,0,-3.777,7.176,0,-3.759,7.162,0,-3.604,7.217,0,-3.443|7.18,0,-3.378,7.044,0,-2.812,7.266,0,-2.679,7.617001,0,-2.422,7.734,0,-2.342,7.777,0,-2.582,7.704,0,-3.019,7.603,0,-3.414,7.816,0,-3.61,7.729001,0,-3.753,7.630001,0,-3.847,7.687,0,-4.046,7.638,0,-4.521,7.577,0,-4.665,7.474,0,-4.742,7.269001,0,-4.717,7.058001,0,-4.662,6.942,0,-4.526,6.902,0,-4.367,6.957,0,-4.049,7.049,0,-3.777,7.176,0,-3.759,7.162,0,-3.604,7.217,0,-3.443|4.877,0,-1.461,5.096,0,-1.583,5.353,0,-1.519,5.571,0,-1.641,5.837,0,-1.873,5.922,0,-2.051,5.983,0,-2.294,5.909,0,-2.408,5.711,0,-2.258,5.565,0,-2.341,5.251,0,-2.294,5.159,0,-2.165,5.197,0,-1.977,4.845,0,-1.841,4.814,0,-1.567|4.877,0,-1.461,5.096,0,-1.583,5.353,0,-1.519,5.571,0,-1.641,5.837,0,-1.873,5.922,0,-2.051,5.983,0,-2.294,5.909,0,-2.408,5.711,0,-2.258,5.565,0,-2.341,5.251,0,-2.294,5.159,0,-2.165,5.197,0,-1.977,4.845,0,-1.841,4.814,0,-1.567|5.719,0,-0.038,5.524,0,-0.298,5.413,0,-0.632,5.554,0,-0.9590001,5.857,0,-0.932,6.052001,0,-1.021,6.161,0,-0.877,6.132,0,-0.652,5.982,0,-0.627,5.917,0,-0.425,5.871,0,-0.358,5.925,0,-0.207,5.822001,0,0.008|5.719,0,-0.038,5.524,0,-0.298,5.413,0,-0.632,5.554,0,-0.9590001,5.857,0,-0.932,6.052001,0,-1.021,6.161,0,-0.877,6.132,0,-0.652,5.982,0,-0.627,5.917,0,-0.425,5.871,0,-0.358,5.925,0,-0.207,5.822001,0,0.008
