generation:3
name:africa
tiles:19,20,21,22,23,24
my_Color:0,0,0
ui_scale:0.005
ui_position:-1.772,0.01,-2.458
border_width:0.1
borders:-1.783,0,-0.282,-2.098,0,-0.964,-2.052,0,-1.507,-1.853,0,-1.918,-1.56,0,-2.103,-1.175,0,-2.06,-0.92,0,-2.106,-0.7590001,0,-2.141,-0.8430001,0,-2.557,-0.526,0,-2.87,-0.577,0,-3.272,-0.561,0,-3.717,-0.334,0,-4.638,-0.14,0,-4.696,0.424,0,-4.497,0.726,0,-3.838|-1.783,0,-0.282,-2.098,0,-0.964,-2.052,0,-1.507,-1.853,0,-1.918,-1.56,0,-2.103,-1.175,0,-2.06,-0.92,0,-2.106,-0.7590001,0,-2.141,-0.8430001,0,-2.557,-0.526,0,-2.87,-0.577,0,-3.272,-0.561,0,-3.717,-0.334,0,-4.638,-0.14,0,-4.696,0.424,0,-4.497,0.726,0,-3.838|1.019,0,-4.005,1.058,0,-4.289,1.366,0,-4.293,1.587,0,-3.802,1.724,0,-3.453,1.669,0,-3.149,1.475,0,-3.295,1.38,0,-3.446,1.169,0,-3.46,1.059,0,-3.897|1.019,0,-4.005,1.058,0,-4.289,1.366,0,-4.293,1.587,0,-3.802,1.724,0,-3.453,1.669,0,-3.149,1.475,0,-3.295,1.38,0,-3.446,1.169,0,-3.46,1.059,0,-3.897|0.9440001,0,-3.43,0.901,0,-3.035,0.835,0,-2.704,1.374,0,-2.172,1.509,0,-1.757,1.044,0,-1.784,0.687,0,-1.068,0.513,0,-0.711,0.591,0,-0.678|0.9440001,0,-3.43,0.901,0,-3.035,0.835,0,-2.704,1.374,0,-2.172,1.509,0,-1.757,1.044,0,-1.784,0.687,0,-1.068,0.513,0,-0.711,0.591,0,-0.678|-1.479,0,-0.192,-1.009,0,-0.024,-0.6850001,0,-0.272,-0.037,0,-0.369,0.113,0,-0.456,0.387,0,-0.488|-1.479,0,-0.192,-1.009,0,-0.024,-0.6850001,0,-0.272,-0.037,0,-0.369,0.113,0,-0.456,0.387,0,-0.488
