my_Color:0,0,0
line_width:0.1
verts:-7.565001,0,0.8560001,-7.940001,0,0.883
