verts:4.155,0,1.018,3.988,0,0.961,3.763,0,1.075,3.641,0,1.032,3.556,0,1.124,3.386,0,1.259,3.285,0,1.512,3.342,0,1.63,3.281,0,1.824,3.412,0,1.832,3.56,0,1.844,3.751,0,1.804,3.931,0,1.787,3.976,0,1.861,4.079,0,1.772,4.165,0,1.861,4.207,0,2.171,4.294,0,2.201,4.358,0,2.034,4.554,0,1.899,4.699,0,1.732,4.837,0,1.602,4.743,0,1.339,4.946,0,1.106,4.882,0,0.923,4.816,0,1.089,4.732,0,1.106,4.672,0,1.192,4.579,0,1.232,4.515,0,1.294,4.397,0,1.103,4.627,0,1.02,4.549,0,0.92
ID:42
num_troops:0
team:-1
name:
position:0,0,0
UI_scale_factor:1
UI_position:4.172061,0.01,1.459364
