verts:0.581,0,0.054,0.591,0,-0.394,0.666,0,-0.534,0.642,0,-0.694,0.822,0,-0.942,0.92,0,-1.137,1.09,0,-1.235,1.178,0,-1.485,1.382,0,-1.506,1.602,0,-1.429,1.702,0,-1.296,1.772,0,-1.299,1.887,0,-0.998,1.924,0,-0.7780001,1.823,0,-0.648,1.753,0,-0.626,1.581,0,-0.6850001,1.492,0,-0.572,1.383,0,-0.389,1.344,0,-0.253,1.548,0,-0.174,1.586,0,-0.432,1.708,0,-0.472,1.739,0,-0.38,1.839,0,-0.495,2.029,0,-0.369,1.966,0,-0.18,1.859,0,0.09900001,1.879,0,0.405,1.718,0,0.554,1.558,0,0.5330001,1.493,0,0.387,1.247,0,0.484,0.8790001,0,0.375,0.79,0,0.481,0.657,0,0.454,0.359,0,0.5190001,0.301,0,0.45,0.106,0,0.453,0.022,0,0.54,-0.038,0,0.313,-0.068,0,0.224,0.004,0,0.066,0.08400001,0,-0.015,0.151,0,-0.07600001,0.187,0,0.043,0.294,0,-0.001
ID:31
num_troops:0
team:-1
name:
position:0,0,0
UI_scale_factor:1
UI_position:1.107064,0.01,-0.2778724
