verts:4.769,0,4.027,4.873,0,4.033,5.026,0,3.929,5.24,0,3.938,5.351,0,4.003,5.513,0,3.982,5.623,0,3.906,5.793,0,3.815,5.868001,0,3.725,5.960001,0,3.664,6.059,0,3.65,6.121,0,3.546,6.052001,0,3.472,5.943,0,3.518,5.881,0,3.61,5.728,0,3.578,5.853,0,3.398,5.688,0,3.308,5.653,0,3.173,5.617,0,3.106,5.435,0,3.128,5.41,0,3.042,5.481,0,2.845,5.505,0,2.665,5.49,0,2.532,5.468,0,2.423,5.35,0,2.502,5.268,0,2.751,5.288,0,2.893,5.305,0,3.043,5.241,0,3.119,5.172,0,3.274,5.079,0,3.197,5.112,0,3.04,4.981,0,3.065,4.862,0,3.065,4.666,0,2.978,4.552,0,2.72,4.782,0,2.618,4.875,0,2.456,4.936,0,2.165,4.953,0,1.848,4.888,0,1.719,4.698,0,1.854,4.717,0,1.982,4.751,0,2.182,4.751,0,2.358,4.637,0,2.519,4.382,0,2.539,4.241,0,2.756,4.206,0,3.15,4.265,0,3.377,4.406,0,3.445,4.476,0,3.36,4.626,0,3.348,4.72,0,3.59,4.575,0,3.64,4.596,0,3.811,4.722,0,3.887
ID:48
num_troops:0
team:-1
name:
position:0,0,0
UI_scale_factor:1
UI_position:5.129224,0.01,3.580916
