verts:-3.607,0,-2.786,-3.537,0,-2.556,-3.629,0,-2.319,-3.765,0,-2.213,-3.792,0,-1.987,-4.003,0,-1.674,-4.115,0,-1.692,-4.326,0,-1.531,-4.472,0,-1.475,-4.657,0,-1.611,-4.589,0,-1.444,-4.888,0,-1.353,-4.741,0,-1.249,-4.589,0,-1.131,-4.59,0,-0.9950001,-4.564,0,-0.91,-4.425,0,-0.957,-4.276,0,-0.877,-4.099,0,-0.757,-4.038,0,-0.8980001,-3.739,0,-0.9480001,-3.485,0,-0.7040001,-3.387,0,-0.863,-3.466,0,-0.9620001,-3.382,0,-1.036,-2.829,0,-1.168,-2.612,0,-1.274,-2.543,0,-1.473,-2.666,0,-1.587,-2.797,0,-1.72,-2.798,0,-2.09,-2.862,0,-2.109,-2.956,0,-2.319,-3.291,0,-2.4,-3.384,0,-2.627,-3.372,0,-2.742,-3.458,0,-2.795,-3.517,0,-2.947
ID:29
num_troops:0
team:-1
name:
position:0,0,0
UI_scale_factor:1
UI_position:-3.717,0.01,-1.636289
