verts:-3.159,0,2.809,-3.358,0,3.086,-3.389,0,3.263,-3.304,0,3.329,-3.296,0,3.458,-3.426,0,3.494,-3.351,0,3.547,-3.589,0,3.945,-3.722,0,3.975,-3.802,0,3.895,-3.946,0,3.927,-3.985,0,3.987,-3.881,0,4.012,-3.965,0,4.061,-3.767,0,4.11,-3.781,0,4.211,-3.696,0,4.213,-3.324,0,4.376,-3.139,0,4.491,-3.158,0,4.563,-2.966,0,4.607,-2.521,0,4.59,-2.433,0,4.554,-2.495,0,4.47,-2.474,0,4.376,-2.26,0,4.405,-2.14,0,4.486,-2.206,0,4.355,-2.224,0,4.206,-2.186,0,4.038,-2.211,0,3.863,-2.332,0,3.854,-2.258,0,3.672,-2.326,0,3.589,-2.39,0,3.722,-2.424,0,3.603,-2.388,0,3.529,-2.506,0,3.48,-2.591,0,3.463,-2.711,0,3.355,-2.97,0,3.27,-3.065,0,2.897
ID:10
num_troops:0
team:-1
name:
position:0,0,0
UI_scale_factor:1
UI_position:-2.978929,0.01,3.884191
