verts:3.113,0,1.547,3.077,0,1.691,2.969,0,1.715,2.848,0,1.754,2.799,0,1.676,2.688,0,1.535,2.686,0,1.33,2.692,0,1.169,2.612,0,1.016,2.473,0,0.975,2.483,0,0.832,2.547,0,0.7360001,2.65,0,0.73,2.764,0,0.668,2.785,0,0.422,2.748,0,0.322,2.891,0,0.264,3.096,0,0.179,3.213,0,0.155,3.265,0,0.038,3.518,0,0.063,3.575,0,-0.064,3.647,0,0.003,3.906,0,-0.279,3.96,0,-0.196,4.111,0,-0.117,4.307,0,-0.343,4.393,0,-0.404,4.411,0,-0.255,4.532,0,-0.212,4.664,0,0.04,4.73,0,0.352,4.66,0,0.439,4.664,0,0.605,4.535,0,0.8190001,4.244,0,0.92,4.092,0,0.929,3.93,0,0.862,3.561,0,0.952,3.273,0,1.207
ID:41
num_troops:0
team:-1
name:
position:0,0,0
UI_scale_factor:1
UI_position:3.4778,0.01,0.601875
