verts:-4.352,0,1.878,-4.337,0,2.284,-4.254,0,2.349,-4.273,0,2.571,-4.179,0,2.539,-4.109,0,2.717,-4.159,0,2.93,-4.053,0,3.008,-4.07,0,3.119,-3.899,0,3.104,-3.811,0,2.975,-3.826,0,2.769,-3.589,0,2.915,-3.538,0,2.776,-3.436,0,2.583,-3.306,0,2.465,-3.251,0,2.39,-3.383,0,2.277,-3.491,0,2.212,-3.631,0,2.136,-3.752,0,2.203,-3.912,0,2.091,-3.852,0,2.003,-3.744,0,2.047,-3.676,0,1.941,-3.622,0,1.823,-3.533,0,1.832,-3.74,0,1.598,-3.734,0,1.767,-3.741,0,1.906,-3.834,0,1.952,-3.926,0,1.937,-3.948,0,1.85,-4.17,0,1.823,-4.201,0,1.895
ID:9
num_troops:0
team:-1
name:
position:0,0,0
UI_scale_factor:1
UI_position:-3.838057,0.01,2.304714
