verts:1.051,0,-4.036,1.2,0,-3.728,1.173,0,-3.515,1.369,0,-3.517,1.551,0,-3.331,1.637,0,-3.125,1.672,0,-3.256,1.668,0,-3.409,1.606,0,-3.477,1.57,0,-3.715,1.556,0,-3.888,1.453,0,-4.013,1.365,0,-4.151,1.294,0,-4.269,1.112,0,-4.278
ID:24
num_troops:0
team:-1
name:
position:0,0,0
UI_scale_factor:1
UI_position:1.418467,0.01,-3.713867
