verts:-1.042,0,0.568,-1.095,0,0.9670001,-0.9720001,0,0.9530001,-0.591,0,1.145,-0.571,0,0.942,-0.261,0,0.914,-0.235,0,1.141,-0.14,0,1.32,-0.061,0,1.243,-0.024,0,1.037,0.032,0,0.851,-0.009000001,0,0.65,-0.117,0,0.391,-0.259,0,0.249,-0.19,0,-0.019,-0.35,0,-0.006,-0.403,0,0.306,-0.485,0,0.364,-0.476,0,0.517,-0.728,0,0.686,-0.7960001,0,0.601,-0.569,0,0.293,-0.715,0,0.337,-0.7090001,0,0.178,-0.793,0,0.035,-0.881,0,-0.008,-0.9630001,0,0.101,-0.836,0,0.103,-0.777,0,0.239,-0.8050001,0,0.391
ID:18
num_troops:0
team:-1
name:
position:0,0,0
UI_scale_factor:1
UI_position:-0.4777538,0.01,0.7733529
