verts:5.717,0,-0.066,5.693,0,-0.17,5.507,0,-0.443,5.464,0,-0.6850001,5.573,0,-0.895,5.664,0,-0.961,5.878,0,-0.859,6.058,0,-0.961,6.13,0,-0.845,6.11,0,-0.689,5.952,0,-0.648,5.888,0,-0.471,5.795,0,-0.376,5.892,0,-0.19,5.827,0,-0.06
ID:49
num_troops:0
team:-1
name:
position:0,0,0
UI_scale_factor:1
UI_position:5.682722,0.01,-0.5646414
