verts:-0.626,0,-2.614,-0.771,0,-2.488,-0.687,0,-2.37,-0.402,0,-2.343,-0.318,0,-2.223,-0.347,0,-2.035,-0.078,0,-1.856,-0.052,0,-1.758,0.143,0,-2.042,0.23,0,-2.189,0.595,0,-2.23,0.576,0,-2.356,0.419,0,-2.44,0.379,0,-2.62,0.309,0,-2.654,0.315,0,-2.839,0.222,0,-2.93,0.26,0,-3.079,0.014,0,-3.037,0.039,0,-2.919,-0.036,0,-2.763,-0.189,0,-2.777,-0.201,0,-2.66
ID:22
num_troops:0
team:-1
name:
position:0,0,0
UI_scale_factor:1
UI_position:-0.008956521,0.01,-2.487913
