verts:0.066,0,3.613,0.499,0,3.565,0.598,0,3.458,0.512,0,3.397,0.226,0,3.402,0.188,0,3.332,0.333,0,3.153,0.475,0,3.112,0.482,0,3.241,0.571,0,3.227,0.757,0,3.287,0.7320001,0,3.499,0.79,0,3.51,0.887,0,3.369,1.025,0,3.428,1.228,0,3.579,1.408,0,3.546,1.516,0,3.629,1.686,0,3.632,1.743,0,3.48,1.664,0,3.199,1.671,0,2.978,1.665,0,2.731,1.699,0,2.652,1.647,0,2.522,1.792,0,2.387,1.769,0,2.271,1.758,0,2.132,1.665,0,2.084,1.598,0,1.929,1.443,0,1.974,1.269,0,1.917,1.116,0,1.854,1.063,0,1.65,1.077,0,1.459,1.154,0,1.322,1.089,0,1.198,1.074,0,1.03,1.136,0,0.95,1.175,0,0.8470001,1.238,0,0.8420001,1.207,0,0.735,1.209,0,0.546,0.914,0,0.458,0.9260001,0,0.5930001,0.7500001,0,0.8010001,0.666,0,0.8010001,0.586,0,0.9390001,0.706,0,1.035,0.6670001,0,1.128,0.477,0,1.077,0.398,0,1.043,0.462,0,0.9020001,0.423,0,0.814,0.32,0,0.851,0.31,0,0.9900001,0.195,0,1.003,0.106,0,0.9260001,0.079,0,1.253,-0.07600001,0,1.408,0.07,0,1.686,0.009000001,0,2.114,-0.216,0,2.2,-0.206,0,2.384,-0.097,0,2.34,-0.126,0,2.557,0.08000001,0,2.598
ID:14
num_troops:0
team:-1
name:
position:0,0,0
UI_scale_factor:1
UI_position:0.8257164,0.01,2.11297
