verts:3.41,0,3.585,3.53,0,3.506,3.537,0,3.343,3.617,0,3.044,3.684,0,3.033,3.771,0,3.212,4.136,0,3.215,4.21,0,3.447,4.33,0,3.526,4.475,0,3.529,4.49,0,3.461,4.58,0,3.438,4.606,0,3.546,4.502,0,3.577,4.482,0,3.818,4.596,0,3.89,4.681,0,3.957,4.683,0,4.015,4.583,0,4.059,4.596,0,4.124,4.44,0,4.127,4.266,0,4.121,4.043,0,4.056,3.945,0,4.047,3.787,0,4.263,3.668,0,4.177,3.737,0,4.03,3.663,0,3.815,3.689,0,3.637
ID:47
num_troops:0
team:-1
name:
position:0,0,0
UI_scale_factor:1
UI_position:4.128862,0.01,3.710276
