verts:3.44,0,1.938,3.194,0,1.949,3.141,0,2.051,3.18,0,2.184,3.145,0,2.31,3.292,0,2.445,3.422,0,2.46,3.559,0,2.445,3.626,0,2.514,3.607,0,2.915,3.757,0,2.962,3.796,0,3.127,3.886,0,3.065,3.93,0,3.139,4.104,0,3.133,4.125,0,2.769,4.275,0,2.565,4.364,0,2.4,4.549,0,2.423,4.672,0,2.324,4.652,0,1.94,4.528,0,2.02,4.482,0,2.117,4.396,0,2.187,4.36,0,2.282,4.242,0,2.282,4.143,0,2.265,4.083,0,2.064,4.099,0,1.921,4.001,0,1.982,3.801,0,1.877
ID:45
num_troops:0
team:-1
name:
position:0,0,0
UI_scale_factor:1
UI_position:3.930678,0.01,2.388871
