verts:-0.9030001,0,2.042,-0.934,0,2.248,-0.868,0,2.317,-0.763,0,2.073,-0.309,0,2.112,-0.09900001,0,2.02,-0.059,0,1.735,-0.097,0,1.551,-0.199,0,1.447,-0.223,0,1.312,-0.329,0,1.226,-0.332,0,1.014,-0.497,0,1.019,-0.5,0,1.256,-0.729,0,1.251,-0.8150001,0,1.065,-1.024,0,1.081,-1.138,0,1.07,-1.348,0,1.342,-1.187,0,1.572,-1.096,0,1.625,-1.021,0,1.839
ID:15
num_troops:0
team:-1
name:
position:0,0,0
UI_scale_factor:1
UI_position:-0.6577273,0.01,1.555318
