verts:-6.625,0,3.141,-6.603,0,3.725,-6.286,0,3.676,-5.851,0,3.809,-5.573,0,3.658,-5.426,0,3.537,-5.349,0,3.619,-5.218,0,3.615,-5.109,0,3.669,-4.901,0,3.608,-4.852,0,3.723,-4.757,0,3.664,-4.688,0,3.743,-4.729,0,3.843,-4.627,0,4.094,-4.528,0,4.099,-4.602,0,4.027,-4.645,0,3.907,-4.614,0,3.739,-4.523,0,3.707,-4.515,0,3.628,-4.314,0,3.68,-4.299,0,3.566,-4.422,0,3.488,-4.522,0,3.378,-4.627,0,3.459,-4.607,0,3.33,-4.897,0,3.083,-5.186,0,3.085,-5.213,0,3.177,-6.542,0,3.201
ID:8
num_troops:0
team:-1
name:
position:0,0,0
UI_scale_factor:1
UI_position:-5.722866,0.01,3.455686
