verts:-5.164,0,3.01,-5.243,0,2.185,-4.892,0,2.203,-4.836,0,2.089,-4.647,0,2.14,-4.509,0,1.828,-4.547,0,1.647,-4.481,0,1.645,-4.477,0,1.72,-4.383,0,1.781,-4.451,0,1.813,-4.443,0,2.259,-4.463,0,2.415,-4.451,0,2.568,-4.732,0,2.578,-4.961,0,2.808,-4.929,0,3.003
ID:6
num_troops:0
team:-1
name:
position:0,0,0
UI_scale_factor:1
UI_position:-4.682883,0.01,2.217176
