verts:7.514,0,-3.44,7.194,0,-3.375,7.178,0,-3.047,7.065001,0,-2.831,7.324,0,-2.752,7.702,0,-2.392,7.755001,0,-2.398
ID:39
num_troops:0
team:-1
name:
position:0,0,0
UI_scale_factor:1
UI_position:7.390286,0.01,-2.890714
