verts:-6.522,0,2.63,-6.446,0,2.692,-6.552001,0,3.021,-6.713,0,3.069,-6.716001,0,3.764,-7.066,0,3.897,-7.413001,0,3.785,-7.32,0,3.59,-7.547,0,3.553,-7.542,0,3.428,-7.409,0,3.442,-7.454,0,3.285,-7.608,0,3.33,-7.687,0,3.185,-7.578001,0,3.042,-7.401,0,3.045,-7.458,0,2.903,-7.638,0,2.785,-7.6,0,2.728,-7.477,0,2.824,-7.265,0,2.971,-7.161,0,3.091,-7.083,0,3.086,-7.097,0,2.973,-6.984,0,2.984,-6.981,0,3.084,-6.8,0,2.988,-6.611001,0,2.88
ID:7
num_troops:0
team:-1
name:
position:0,0,0
UI_scale_factor:1
UI_position:-7.018086,0.01,3.441787
