verts:-6.255,0,2.141,-6.441,0,2.532,-6.334,0,2.659,-6.314,0,2.775,-6.403,0,2.815,-6.454,0,3.079,-5.275,0,3.045,-5.337,0,2.129
ID:5
num_troops:0
team:-1
name:
position:0,0,0
UI_scale_factor:1
UI_position:-5.836547,0.01,2.642046
