verts:-1.995,0,2.506,-2.119,0,2.504,-2.216,0,2.318,-2.107,0,2.068,-2.232,0,1.939,-2.494,0,1.816,-2.428,0,1.647,-2.5,0,1.489,-2.25,0,1.533,-2.301,0,1.714,-2.125,0,1.786,-2.014,0,1.716,-2.062,0,1.54,-1.997,0,1.476,-2.111,0,1.286,-1.597,0,1.386,-1.626,0,1.507,-1.514,0,1.602,-1.553,0,1.681,-1.699,0,1.663,-1.825,0,2.075,-1.979,0,2.098,-1.89,0,2.337,-2.028,0,2.363
ID:16
num_troops:0
team:-1
name:
position:0,0,0
UI_scale_factor:1
UI_position:-2.027583,0.01,1.835417
