verts:1.904,0,0.491,1.823,0,0.532,1.769,0,0.654,1.559,0,0.6160001,1.519,0,0.731,1.537,0,0.827,1.466,0,0.874,1.466,0,1.014,1.363,0,1.05,1.333,0,1.16,1.411,0,1.256,1.408,0,1.479,1.227,0,1.385,1.153,0,1.557,1.159,0,1.803,1.291,0,1.821,1.448,0,1.877,1.651,0,1.865,1.885,0,2.028,2.148,0,1.765,2.26,0,1.61,2.588,0,1.578,2.551,0,1.387,2.582,0,1.262,2.54,0,1.163,2.528,0,1.078,2.416,0,1.058,2.369,0,0.8880001,2.44,0,0.7360001,2.413,0,0.632,2.273,0,0.714,2.148,0,0.668,2.049,0,0.575
ID:40
num_troops:0
team:-1
name:
position:0,0,0
UI_scale_factor:1
UI_position:1.869,0.01,1.155576
