verts:-3.913,0,-4.63,-4.155,0,-4.534,-4.269,0,-4.234,-4.267,0,-3.819,-4.077,0,-3.341,-3.776,0,-3.267,-3.861,0,-3.129,-3.608,0,-3.082,-3.631,0,-2.963,-3.742,0,-2.816,-3.695,0,-2.66,-3.895,0,-2.742,-3.933,0,-2.556,-4.159,0,-2.399,-4.301,0,-2.399,-4.445,0,-2.468,-4.594,0,-2.259,-4.642,0,-2.64,-4.67,0,-3.234,-4.673,0,-3.566,-4.701,0,-3.96,-4.631,0,-4.268,-4.507,0,-4.437,-4.378,0,-4.519,-4.237,0,-4.569
ID:27
num_troops:0
team:-1
name:
position:0,0,0
UI_scale_factor:1
UI_position:-4.328019,0.01,-3.012477
