verts:-0.606,0,-0.341,-0.697,0,-0.45,-0.6670001,0,-0.538,-0.737,0,-0.632,-0.698,0,-0.876,-0.559,0,-0.978,-0.409,0,-0.961,-0.236,0,-1.031,-0.125,0,-1.148,-0.008,0,-1.135,0.026,0,-0.989,0.585,0,-1.034,0.601,0,-0.9160001,0.427,0,-0.62,0.522,0,-0.641,0.522,0,-0.494,0.38,0,-0.54,-0.033,0,-0.455,-0.262,0,-0.415,-0.399,0,-0.452
ID:20
num_troops:0
team:-1
name:
position:0,0,0
UI_scale_factor:1
UI_position:-0.11865,0.01,-0.7323
