verts:3.434,0,-0.463,3.553,0,-0.19,3.625,0,-0.147,3.827,0,-0.337,3.945,0,-0.372,4.105,0,-0.251,4.174,0,-0.303,4.134,0,-0.36,4.11,0,-0.522,4.249,0,-0.5930001,4.313,0,-0.694,4.433,0,-1.009,4.382,0,-1.205,4.291,0,-1.321,4.211,0,-1.149,4.055,0,-1.063,3.993,0,-1.174,4.113,0,-1.472,4.043,0,-1.491,3.911,0,-1.335,3.883,0,-1.085,3.859,0,-0.919,3.754,0,-0.831,3.622,0,-0.8280001
ID:33
num_troops:0
team:-1
name:
position:0,0,0
UI_scale_factor:1
UI_position:4.000792,0.01,-0.7964167
