verts:-6.217,0,1.043,-6.392,0,1.381,-6.263,0,2.023,-5.282,0,2.037,-5.231,0,2.063,-5.071,0,2.094,-5.05,0,1.387,-5.294,0,1.359,-5.328,0,1.251,-5.452,0,1.188,-5.504,0,0.983,-5.59,0,0.936,-5.559,0,0.808,-5.687,0,0.8610001,-5.792,0,0.957,-5.913,0,0.929,-6.05,0,1.017
ID:4
num_troops:0
team:-1
name:
position:0,0,0
UI_scale_factor:1
UI_position:-5.627941,0.01,1.312765
