verts:5.126,0,0.7320001,5.042,0,0.786,5.108,0,0.904,5.207,0,1.142,5.308,0,1.195,5.367,0,1.364,5.492,0,1.541,5.424,0,1.804,5.398,0,2.019,5.415,0,2.149,5.342,0,2.305,5.465,0,2.203,5.707,0,2.233,5.764,0,2.143,5.671,0,2.119,5.629,0,1.968,5.47,0,1.936,5.559,0,1.775,5.656,0,1.717,5.647,0,1.564,5.73,0,1.313,5.587,0,1.187,5.505,0,1.148,5.485,0,0.9860001,5.356,0,1.075,5.241,0,1.017,5.267,0,0.873
ID:43
num_troops:0
team:-1
name:
position:0,0,0
UI_scale_factor:1
UI_position:5.539179,0.01,1.345125
