verts:4.902,0,-1.771,4.889,0,-1.579,5.037,0,-1.538,5.144,0,-1.721,5.224,0,-1.561,5.34,0,-1.558,5.51,0,-1.697,5.74,0,-1.873,5.872,0,-1.966,5.831,0,-2.053,5.942,0,-2.284,5.859,0,-2.355,5.684,0,-2.153,5.564,0,-2.25,5.255,0,-2.213,5.183,0,-2.15,5.236,0,-1.94,5.12,0,-1.867
ID:35
num_troops:0
team:-1
name:
position:0,0,0
UI_scale_factor:1
UI_position:5.407333,0.01,-1.918278
