verts:-6.247,0,0.9350001,-6.147,0,0.8200001,-6.046,0,0.393,-5.937,0,0.44,-5.829,0,0.347,-5.798,0,0.196,-5.8,0,0.09500001,-5.48,0,0.002,-5.36,0,-0.399,-5.246,0,-0.494,-5.111,0,-0.5840001,-5.116,0,-0.432,-5.258,0,-0.434,-5.292,0,-0.338,-5.177,0,-0.098,-5.26,0,0.036,-5.124,0,0.277,-5.215,0,0.302,-5.258,0,0.188,-5.469,0,0.172,-5.598,0,0.497,-5.559,0,0.702,-5.794,0,0.8330001,-5.994,0,0.8330001
ID:2
num_troops:0
team:-1
name:
position:0,0,0
UI_scale_factor:1
UI_position:-5.546459,0.01,0.1787083
