verts:-0.052,0,-1.64,0,0,-1.252,0.07300001,0,-1.202,0.078,0,-1.111,0.6530001,0,-1.107,0.9990001,0,-1.67,0.9820001,0,-1.773,1.133,0,-1.836,1.445,0,-1.759,1.492,0,-1.848,1.224,0,-2.274,0.932,0,-2.6,0.8100001,0,-2.68,0.827,0,-3.014,0.617,0,-3.117,0.481,0,-2.861,0.414,0,-2.852,0.409,0,-2.733,0.498,0,-2.674,0.484,0,-2.546,0.59,0,-2.478,0.696,0,-2.257,0.6350001,0,-2.111,0.328,0,-2.039,0.251,0,-2.04,0.175,0,-1.886
ID:21
num_troops:0
team:-1
name:
position:0,0,0
UI_scale_factor:1
UI_position:0.6065124,0.01,-1.719748
