verts:2.129,0,-0.322,1.933,0,0.368,2.065,0,0.449,2.222,0,0.554,2.25,0,0.638,2.356,0,0.59,2.538,0,0.608,2.647,0,0.59,2.706,0,0.524,2.688,0,0.374,2.688,0,0.235,2.842,0,0.15,2.986,0,0.068,3.132,0,0.001,3.247,0,-0.055,3.414,0,-0.028,3.476,0,-0.101,3.377,0,-0.267,3.296,0,-0.491,3.198,0,-0.564,3.09,0,-0.854,2.993,0,-1.179,2.966,0,-1.489,2.915,0,-1.571,2.87,0,-1.644,2.714,0,-1.368,2.584,0,-1.126,2.523,0,-0.877,2.53,0,-0.6440001,2.421,0,-0.632,2.423,0,-0.525,2.326,0,-0.428
ID:32
num_troops:0
team:-1
name:
position:0,0,0
UI_scale_factor:1
UI_position:2.735781,0.01,-0.28175
