verts:-7.422,0,0.322,-7.535,0,0.478,-7.558001,0,0.576,-7.629,0,0.687,-7.512001,0,0.771,-7.478,0,0.904,-7.351,0,0.8840001,-7.283,0,0.9950001,-7.145,0,1.086,-6.958,0,0.9950001,-6.851,0,1.001,-6.905,0,0.881,-6.833,0,0.7690001,-6.748,0,0.7820001,-6.817,0,0.68,-6.739,0,0.548,-6.771,0,0.423,-6.893,0,0.441,-6.942,0,0.559,-7.023,0,0.6160001,-7.153,0,0.515,-7.289001,0,0.493,-7.342,0,0.415
ID:3
num_troops:0
team:-1
name:
position:0,0,0
UI_scale_factor:1
UI_position:-7.138131,0.01,0.6878696
