verts:-2.003,0,2.73,-1.978,0,2.825,-2.11,0,2.879,-2.024,0,2.96,-2.112,0,3.064,-2.052,0,3.128,-1.922,0,3.105,-1.851,0,3.039,-1.697,0,3.082,-1.556,0,3.13,-1.513,0,3.174,-1.409,0,3.067,-1.373,0,2.96,-1.439,0,2.834,-1.524,0,2.75,-1.59,0,2.841,-1.647,0,2.697,-1.754,0,2.639,-1.871,0,2.703
ID:11
num_troops:0
team:-1
name:
position:0,0,0
UI_scale_factor:1
UI_position:-1.759211,0.01,2.926684
