verts:-0.969,0,-0.078,-1.269,0,-0.216,-1.715,0,-0.283,-1.735,0,-0.38,-1.912,0,-0.754,-2.019,0,-1.03,-1.964,0,-1.206,-2.026,0,-1.516,-1.899,0,-1.662,-1.803,0,-1.839,-1.545,0,-2.047,-1.275,0,-2.043,-1.176,0,-1.981,-0.9620001,0,-1.986,-0.873,0,-2.109,-0.673,0,-2.082,-0.664,0,-2.222,-0.471,0,-2.241,-0.467,0,-1.93,-0.15,0,-1.765,-0.128,0,-1.662,-0.114,0,-1.366,-0.082,0,-1.243,-0.267,0,-1.177,-0.532,0,-1.088,-0.753,0,-0.9760001,-0.848,0,-0.738,-0.8150001,0,-0.478,-0.7360001,0,-0.303
ID:19
num_troops:0
team:-1
name:
position:0,0,0
UI_scale_factor:1
UI_position:-1.18317,0.01,-1.128892
