verts:-1.93,0,1.036,-1.716,0,1.081,-1.654,0,1.15,-1.47,0,1.16,-1.393,0,1.328,-1.178,0,1.024,-1.198,0,0.841,-1.153,0,0.585,-1.237,0,0.521,-1.353,0,0.589,-1.491,0,0.383,-1.465,0,0.126,-1.565,0,-0.049,-1.733,0,-0.195,-1.88,0,-0.101,-2.009,0,-0.075,-2.11,0,-0.094,-2.142,0,-0.001,-2.216,0,0.018,-2.097,0,0.312,-2.219,0,0.5190001,-2.141,0,0.576,-2.043,0,0.539,-1.769,0,0.592,-1.72,0,0.848
ID:17
num_troops:0
team:-1
name:
position:0,0,0
UI_scale_factor:1
UI_position:-1.71528,0.01,0.50852
