verts:-0.6900001,0,2.229,-0.845,0,2.501,-1.023,0,2.42,-1.108,0,2.567,-1.082,0,2.684,-1.153,0,2.796,-1.086,0,2.935,-0.993,0,2.931,-0.9680001,0,3.022,-0.808,0,3.102,-0.683,0,3.332,-0.576,0,3.497,-0.312,0,3.623,-0.07600001,0,3.669,-0.026,0,3.435,-0.028,0,3.111,0.013,0,2.91,0.008,0,2.744,-0.295,0,2.711,-0.288,0,2.852,-0.233,0,3.02,-0.299,0,3.07,-0.386,0,3.006,-0.413,0,2.89,-0.496,0,2.843,-0.474,0,2.609,-0.538,0,2.42
ID:13
num_troops:0
team:-1
name:
position:0,0,0
UI_scale_factor:1
UI_position:-0.5502963,0.01,2.923296
