verts:4.329,0,-1.694,4.237,0,-1.955,3.965,0,-2.09,3.964,0,-2.208,3.833,0,-2.239,3.712,0,-2.153,3.606,0,-2.064,3.52,0,-1.957,3.404,0,-1.92,3.326,0,-1.911,3.506,0,-2.165,3.61,0,-2.42,3.704,0,-2.462,3.824,0,-2.677,3.953,0,-2.814,4.11,0,-2.875,4.381,0,-2.913,4.56,0,-2.937,4.599,0,-2.831,4.496,0,-2.685,4.57,0,-2.613,4.688,0,-2.696,4.717,0,-2.613,4.667,0,-2.468,4.625,0,-2.4,4.711,0,-2.341,4.609,0,-2.282,4.827,0,-2.162,4.774,0,-2.11,4.524,0,-2.202,4.427,0,-2.007,4.52,0,-1.835
ID:34
num_troops:0
team:-1
name:
position:0,0,0
UI_scale_factor:1
UI_position:4.196813,0.01,-2.334344
