verts:-0.55,0,-2.755,-0.321,0,-2.76,-0.31,0,-2.873,-0.094,0,-2.875,-0.045,0,-3.082,0.311,0,-3.246,0.305,0,-3.015,0.413,0,-2.991,0.531,0,-3.056,0.525,0,-3.352,0.65,0,-3.466,0.693,0,-3.283,0.684,0,-3.195,0.9070001,0,-3.073,0.919,0,-3.354,0.7830001,0,-3.565,0.701,0,-3.59,0.647,0,-3.854,0.548,0,-3.979,0.494,0,-4.147,0.518,0,-4.209,0.408,0,-4.294,0.354,0,-4.501,-0.149,0,-4.644,-0.262,0,-4.608,-0.293,0,-4.223,-0.382,0,-4.074,-0.412,0,-3.828,-0.565,0,-3.592,-0.581,0,-3.292,-0.469,0,-3.171,-0.511,0,-2.986,-0.449,0,-2.876
ID:23
num_troops:0
team:-1
name:
position:0,0,0
UI_scale_factor:1
UI_position:0.1514546,0.01,-3.509364
