verts:2.626,0,1.602,2.714,0,1.727,2.781,0,1.846,2.859,0,1.849,2.686,0,2.089,2.65,0,2.221,2.521,0,2.238,2.505,0,2.397,2.626,0,2.544,2.549,0,2.7,2.457,0,2.99,2.356,0,3.03,2.331,0,3.243,2.282,0,3.245,2.163,0,3.419,2.14,0,3.565,2.043,0,3.491,1.83,0,3.778,1.855,0,3.923,1.734,0,3.989,1.731,0,3.796,1.781,0,3.66,1.841,0,3.425,1.767,0,3.108,1.755,0,2.92,1.787,0,2.732,1.797,0,2.588,1.751,0,2.499,1.885,0,2.449,1.876,0,2.148,1.944,0,2.093,2.279,0,1.733,2.425,0,1.72
ID:44
num_troops:0
team:-1
name:
position:0,0,0
UI_scale_factor:1
UI_position:2.191727,0.01,2.750212
