verts:-4.701,0,-1.076,-4.745,0,-1.072,-4.828,0,-1.018,-4.995,0,-0.9770001,-5.052,0,-0.9720001,-5.162,0,-0.8650001,-5.149,0,-0.706,-5.071,0,-0.684,-5.003,0,-0.443,-4.614,0,-0.274,-4.511,0,-0.322,-4.142,0,-0.352,-3.836,0,-0.583,-3.529,0,-0.6530001,-3.606,0,-0.786,-3.796,0,-0.795,-3.827,0,-0.8650001,-3.958,0,-0.841,-4.026,0,-0.628,-4.247,0,-0.693,-4.335,0,-0.686,-4.362,0,-0.821,-4.422,0,-0.8650001,-4.576,0,-0.808,-4.676,0,-0.905
ID:30
num_troops:0
team:-1
name:
position:0,0,0
UI_scale_factor:1
UI_position:-4.653541,0.01,-0.6045716
