verts:-4.529,0,0.466,-4.545,0,0.633,-4.623,0,0.804,-4.755,0,0.775,-5.027,0,0.8430001,-5.323,0,0.766,-5.471,0,0.619,-5.491,0,0.8660001,-5.378,0,0.8890001,-5.379,0,1.134,-5.278,0,1.129,-5.237,0,1.27,-5.01,0,1.313,-4.972,0,2.084,-4.92,0,2.106,-4.926,0,1.985,-4.705,0,2.017,-4.587,0,1.83,-4.639,0,1.652,-4.506,0,1.538,-4.398,0,1.602,-4.388,0,1.676,-4.24,0,1.728,-3.896,0,1.769,-3.839,0,1.864,-3.83,0,1.736,-3.983,0,1.562,-3.987,0,1.418,-4.226,0,1.253,-4.175,0,1.127,-4.403,0,0.9300001,-4.495,0,0.766,-4.456,0,0.536
ID:1
num_troops:0
team:-1
name:
position:0,0,0
UI_scale_factor:1
UI_position:-4.655061,0.01,1.293515
