verts:3.233,0,1.608,3.198,0,1.775,3.182,0,1.89,3.099,0,1.976,3.046,0,2.375,3.144,0,2.531,3.48,0,2.584,3.475,0,2.828,3.532,0,3.015,3.44,0,3.355,3.443,0,3.441,3.298,0,3.54,3.38,0,3.707,3.585,0,3.71,3.607,0,3.878,3.631,0,3.977,3.581,0,4.072,3.545,0,4.129,3.297,0,4.198,3.188,0,4.175,2.996,0,4.026,2.93,0,4.123,3.079,0,4.207,3.148,0,4.346,3.108,0,4.431,3.021,0,4.355,2.928,0,4.487,2.813,0,4.411,2.778,0,4.452,2.341,0,4.262,2.164,0,4.126,2.354,0,4.072,2.329,0,3.954,2.118,0,4.049,2.218,0,3.852,2.113,0,3.782,2.005,0,3.875,2.023,0,3.687,2.167,0,3.659,2.343,0,3.382,2.423,0,3.295,2.443,0,3.12,2.6,0,2.952,2.693,0,2.629,2.732,0,2.5,2.651,0,2.349,2.743,0,2.281,2.725,0,2.181,2.853,0,2.105,2.926,0,1.846,3.036,0,1.838,3.118,0,1.769
ID:46
num_troops:0
team:-1
name:
position:0,0,0
UI_scale_factor:1
UI_position:2.909673,0.01,3.330135
