verts:5.134,0,-2.82,5.146,0,-3.605,5.764,0,-3.624,5.769,0,-4.611,5.664,0,-4.535,5.636,0,-4.335,5.555,0,-4.333,5.656,0,-4.125,5.501,0,-4.128,5.45,0,-4.239,5.373,0,-4.058,5.223,0,-4.058,5.098,0,-4.06,4.961,0,-4.125,4.893,0,-4.217,4.738,0,-4.214,4.533,0,-4.311,4.379,0,-4.39,4.266,0,-4.308,4.374,0,-4.144,4.283,0,-3.996,4.239,0,-3.778,4.187,0,-3.628,4.289,0,-3.605,4.201,0,-3.446,4.366,0,-3.317,4.543,0,-3.234,4.772,0,-3.104,4.909,0,-2.96
ID:36
num_troops:0
team:-1
name:
position:0,0,0
UI_scale_factor:1
UI_position:4.927655,0.01,-3.907173
