verts:-3.841,0,-2.643,-3.661,0,-2.558,-3.765,0,-2.336,-3.859,0,-2.234,-3.933,0,-1.983,-4.07,0,-1.801,-4.407,0,-1.622,-4.751,0,-1.686,-4.779,0,-1.576,-4.714,0,-1.53,-4.984,0,-1.393,-4.804,0,-1.135,-5.049,0,-1.066,-5.225,0,-0.966,-5.258,0,-1.156,-5.257,0,-1.419,-5.084,0,-1.695,-4.969,0,-1.86,-4.588,0,-2.063,-4.459,0,-2.348,-4.375,0,-2.236,-4.088,0,-2.271,-4.014,0,-2.397,-3.828,0,-2.471
ID:28
num_troops:0
team:-1
name:
position:0,0,0
UI_scale_factor:1
UI_position:-4.510783,0.01,-1.828174
