verts:5.223,0,-2.73,5.251,0,-3.498,5.843,0,-3.538,5.823,0,-4.545,5.933,0,-4.612,6.081,0,-4.504,6.2,0,-4.51,6.225,0,-4.221,6.358,0,-4.161,6.363,0,-4.047,6.462,0,-3.983,6.495,0,-3.638,6.344,0,-3.379,6.254,0,-3.166,6.106,0,-3.13,6.082,0,-2.802,6.003,0,-2.799,5.924,0,-2.593,5.909,0,-2.751,5.862,0,-2.955,5.739,0,-2.958,5.666,0,-2.853,5.492,0,-2.814,5.572,0,-2.614
ID:37
num_troops:0
team:-1
name:
position:0,0,0
UI_scale_factor:1
UI_position:5.967083,0.01,-3.450042
