verts:7.267,0,-3.532,7.189,0,-3.684,7.269001,0,-3.789,7.106,0,-3.843,7.114,0,-4.022,6.982,0,-4.196,6.960001,0,-4.399,7.031,0,-4.461,7.054,0,-4.582,7.266,0,-4.657,7.427001,0,-4.703,7.511,0,-4.588,7.57,0,-4.407,7.603,0,-4.097,7.614,0,-3.924,7.572001,0,-3.755,7.765,0,-3.638,7.597001,0,-3.512
ID:38
num_troops:0
team:-1
name:
position:0,0,0
UI_scale_factor:1
UI_position:7.327611,0.01,-4.099389
