generation:3
name:Africa
tiles:41,42,40,39,37,38
my_Color:255,165,0
ui_scale:0.01
ui_position:-1.589,0.01,-2.652
border_width:0.1
borders:-1.78,0,-0.277,-1.907,0,-0.603,-2.089,0,-1.004,-2.05,0,-1.117,-2.053,0,-1.248,-2.071,0,-1.47,-2.089,0,-1.531,-2.042,0,-1.664,-1.955,0,-1.708,-1.874,0,-1.844,-1.801,0,-1.956,-1.707,0,-2.021,-1.608,0,-2.082,-1.215,0,-2.101,-1.138,0,-2.044,-0.9620001,0,-2.057,-0.9250001,0,-2.152,-0.757,0,-2.162,-0.751,0,-2.369,-0.832,0,-2.47,-0.5930001,0,-2.769,-0.512,0,-2.857,-0.586,0,-2.988,-0.527,0,-3.13,-0.6300001,0,-3.331,-0.613,0,-3.592,-0.471,0,-3.828,-0.463,0,-3.951,-0.401,0,-4.122,-0.326,0,-4.332,-0.307,0,-4.587,-0.288,0,-4.664,-0.159,0,-4.703,0.136,0,-4.627,0.235,0,-4.544,0.412,0,-4.518,0.485,0,-4.295,0.546,0,-4.162,0.701,0,-3.857,0.729,0,-3.63,0.9400001,0,-3.411,0.9300001,0,-3.024,0.863,0,-2.917,0.8570001,0,-2.696,1.013,0,-2.59,1.307,0,-2.225,1.43,0,-2.031,1.524,0,-1.789,1.475,0,-1.708,1.059,0,-1.774,0.9760001,0,-1.59,0.816,0,-1.381,0.663,0,-1.081,0.495,0,-0.714|0.404,0,-0.473,0.025,0,-0.416,-0.093,0,-0.355,-0.373,0,-0.401,-0.619,0,-0.301,-0.692,0,-0.212,-0.8280001,0,-0.07700001,-1.046,0,-0.038,-1.349,0,-0.176,-1.656,0,-0.237
