generation:5
name:Europe
tiles:19,17,16,14,15,13,18,20
my_Color:0,0,255
ui_scale:0.01
ui_position:-1.475,0.01,3.622
border_width:0.1
borders:-2.037,0,2.824,-2.134,0,2.838,-2.164,0,2.906,-2.128,0,2.972,-2.177,0,3.049,-2.091,0,3.175,-1.915,0,3.152,-1.829,0,3.133,-1.671,0,3.135,-1.577,0,3.204,-1.494,0,3.224,-1.323,0,3.054,-1.312,0,2.895,-1.377,0,2.845,-1.414,0,2.761,-1.58,0,2.721,-1.646,0,2.653,-1.775,0,2.609,-1.898,0,2.672,-2.07,0,2.682,-2.052,0,2.806|-1.162,0,2.557,-1.162,0,2.696,-1.208,0,2.849,-1.121,0,2.964,-1.027,0,2.985,-0.983,0,3.096,-0.8710001,0,3.113,-0.6670001,0,3.49,-0.246,0,3.706,-0.02,0,3.685,0.227,0,3.626,0.508,0,3.578,0.6210001,0,3.499,0.615,0,3.389,0.456,0,3.336,0.255,0,3.349,0.386,0,3.166,0.458,0,3.155,0.423,0,3.259,0.475,0,3.27,0.546,0,3.239,0.6990001,0,3.342,0.6950001,0,3.555,0.8190001,0,3.567,0.919,0,3.436,1.213,0,3.616,1.399,0,3.581,1.507,0,3.677,1.671,0,3.674|1.166,0,1.234,1.125,0,1.081,1.204,0,0.899,1.286,0,0.864,1.271,0,0.785,1.273,0,0.5930001|0.883,0,0.6210001,0.714,0,0.743,0.623,0,0.743,0.552,0,0.975,0.46,0,0.9770001,0.505,0,0.906,0.415,0,0.761,0.312,0,0.814,0.269,0,0.946,0.19,0,0.946,0.115,0,0.851,0.06,0,0.627|-0.245,0,0.222,-0.183,0,0.171,-0.196,0,0.066,-0.143,0,-0.025,-0.183,0,-0.089,-0.387,0,-0.057,-0.457,0,0.232,-0.524,0,0.328,-0.577,0,0.23,-0.684,0,0.254,-0.6950001,0,0.068|-0.9990001,0,0.154,-0.8880001,0,0.162,-0.808,0,0.232,-0.835,0,0.344,-1.028,0,0.447,-1.09,0,0.553,-1.199,0,0.492,-1.336,0,0.529,-1.417,0,0.43,-1.454,0,0.344,-1.408,0,0.093,-1.503,0,-0.03|-1.88,0,-0.18,-2.14,0,-0.133,-2.171,0,-0.039,-2.276,0,0.004,-2.174,0,0.293,-2.263,0,0.553,-2.137,0,0.661,-2.062,0,0.586,-1.845,0,0.618,-1.791,0,0.802,-2,0,0.9960001,-1.962,0,1.085,-1.767,0,1.094,-1.767,0,1.104,-1.703,0,1.193,-1.556,0,1.196,-1.373,0,1.343,-1.232,0,1.584,-1.145,0,1.612,-1.085,0,1.788,-0.946,0,1.973,-0.9480001,0,2.209,-0.8940001,0,2.33,-0.8880001,0,2.463,-1.051,0,2.394,-1.161,0,2.536|-2.147,0,1.237,-1.941,0,1.336,-1.571,0,1.368,-1.563,0,1.484,-1.469,0,1.629,-1.551,0,1.736,-1.674,0,1.678,-1.708,0,1.79,-1.71,0,1.901,-1.819,0,2.089,-1.866,0,2.167,-1.824,0,2.324,-1.87,0,2.382,-1.976,0,2.355,-1.925,0,2.512,-2.113,0,2.514,-2.189,0,2.407,-2.271,0,2.319,-2.226,0,2.249,-2.215,0,2.116,-2.128,0,2.025,-2.162,0,1.927,-2.323,0,1.951,-2.466,0,1.845,-2.528,0,1.738,-2.477,0,1.601,-2.564,0,1.499,-2.494,0,1.405,-2.357,0,1.447,-2.226,0,1.508,-2.285,0,1.698,-2.103,0,1.788,-2.042,0,1.666,-2.124,0,1.516,-2.071,0,1.458,-2.164,0,1.294|-0.411,0,3.8,-0.583,0,3.886,-0.606,0,4.038,-0.6900001,0,4.167,-0.545,0,4.259,-0.347,0,4.348,-0.196,0,4.336,0.039,0,4.28,0.171,0,4.235,0.218,0,4.179,0.108,0,4.082,0.13,0,3.939,0.062,0,3.879,-0.4,0,3.802
