generation:3
name:South America
tiles:31,33,32,34,36,35
my_Color:255,0,0
ui_scale:0.01
ui_position:-5.949,0.01,-2.203
border_width:0.1
borders:-5.017,0,-0.406,-4.766,0,-0.277,-4.591,0,-0.21,-4.55,0,-0.273,-4.173,0,-0.325,-4.083,0,-0.36,-3.826,0,-0.565,-3.605,0,-0.634,-3.489,0,-0.6210001,-3.359,0,-0.8790001,-3.404,0,-0.9710001,-3.294,0,-1.007,-3.091,0,-1.023,-3.037,0,-1.08,-2.879,0,-1.081,-2.743,0,-1.139,-2.597,0,-1.24,-2.522,0,-1.31,-2.509,0,-1.478,-2.575,0,-1.611,-2.671,0,-1.639,-2.684,0,-1.728,-2.772,0,-1.757,-2.755,0,-2.106,-2.831,0,-2.172,-2.909,0,-2.328,-2.996,0,-2.414,-3.261,0,-2.448,-3.318,0,-2.595,-3.344,0,-2.793,-3.419,0,-2.823,-3.503,0,-3.04,-3.578,0,-3.099,-3.755,0,-3.175,-3.744,0,-3.309,-4.012,0,-3.411,-4.091,0,-3.571,-4.181,0,-3.804,-4.198,0,-4.133,-4.243,0,-4.211,-4.156,0,-4.495,-3.896,0,-4.588,-3.871,0,-4.662,-4.054,0,-4.729,-4.148,0,-4.71,-4.233,0,-4.614,-4.379,0,-4.603,-4.424,0,-4.525,-4.594,0,-4.431,-4.691,0,-4.25,-4.79,0,-3.951,-4.732,0,-3.556,-4.776,0,-3.41,-4.713,0,-2.933,-4.687,0,-2.517,-4.664,0,-2.142,-5.01,0,-1.907,-5.067,0,-1.746,-5.254,0,-1.553,-5.325,0,-1.298,-5.325,0,-1.104,-5.217,0,-0.9170001,-5.182,0,-0.678,-5.081,0,-0.657,-5.02,0,-0.424|-3.566,0,-4.087,-3.443,0,-3.967,-3.275,0,-3.962,-3.158,0,-3.975,-3.093,0,-4.033,-3.056,0,-4.103,-2.858,0,-4.138,-2.531,0,-4.324,-2.518,0,-4.422,-2.589,0,-4.527,-2.796,0,-4.535,-2.914,0,-4.595,-3.02,0,-4.58,-3.15,0,-4.437,-3.197,0,-4.365,-3.371,0,-4.321,-3.573,0,-4.251,-3.578,0,-4.1
