generation:5
name:North America
tiles:30,27,24,26,25,22,23,28,29,21
my_Color:255,255,0
ui_scale:0.01
ui_position:-7.256001,0.01,2.189
border_width:0.1
borders:-5.083,0,-0.392,-5.262,0,-0.414,-5.229,0,-0.286,-5.177,0,-0.18,-5.129,0,-0.083,-5.195,0,0.015,-5.058,0,0.323,-5.243,0,0.333,-5.29,0,0.243,-5.435,0,0.203,-5.503,0,0.272,-5.531,0,0.432,-5.487,0,0.518,-5.385,0,0.647,-5.256,0,0.725,-5.079,0,0.737,-4.93,0,0.751,-4.819,0,0.728,-4.755,0,0.705,-4.66,0,0.734,-4.569,0,0.478,-4.51,0,0.416,-4.423,0,0.483,-4.406,0,0.636,-4.447,0,0.768,-4.383,0,0.895,-4.128,0,1.091,-4.122,0,1.157,-4.204,0,1.21,-3.988,0,1.393,-3.922,0,1.446,-3.932,0,1.559,-3.814,0,1.693,-3.811,0,1.592,-3.753,0,1.541,-3.587,0,1.719,-3.524,0,1.731,-3.504,0,1.882,-3.625,0,1.859,-3.662,0,2.065,-3.845,0,2.04,-3.723,0,2.126,-3.601,0,2.117,-3.445,0,2.151,-3.439,0,2.246,-3.338,0,2.232,-3.185,0,2.358,-3.177,0,2.51,-3.283,0,2.596,-3.359,0,2.588,-3.568,0,2.953,-3.76,0,2.83,-3.773,0,3.017,-3.893,0,3.134,-4.108,0,3.163,-4.125,0,3.007,-4.216,0,2.909,-4.161,0,2.719,-4.224,0,2.605,-4.299,0,2.588,-4.35,0,2.294,-4.397,0,2.325,-4.443,0,2.544,-4.362,0,2.602,-4.412,0,2.642,-4.646,0,2.619,-4.754,0,2.656,-4.898,0,2.836,-4.87,0,3.026,-4.682,0,3.234,-4.57,0,3.285,-4.591,0,3.387,-4.503,0,3.332,-4.385,0,3.474,-4.303,0,3.479,-4.24,0,3.589,-4.28,0,3.722,-4.358,0,3.749,-4.469,0,3.662,-4.475,0,3.757,-4.589,0,3.765,-4.627,0,3.904,-4.579,0,4,-4.519,0,4.004,-4.462,0,4.122,-4.508,0,4.164,-4.597,0,4.112,-4.671,0,4.114,-4.71,0,4.03,-4.779,0,3.885,-4.751,0,3.744,-4.826,0,3.793,-4.907,0,3.782,-4.907,0,3.686,-5.135,0,3.733,-5.444,0,3.626,-5.515,0,3.712,-5.713,0,3.812,-5.801,0,3.813,-5.81,0,3.869,-6.059,0,3.837,-6.092,0,3.785,-6.237,0,3.787,-6.289001,0,3.712,-6.494,0,3.832,-6.663,0,3.776,-6.811,0,3.84,-6.885,0,3.887,-6.943,0,3.875,-7.047,0,3.956,-7.22,0,3.907,-7.463,0,3.821,-7.401,0,3.636,-7.596,0,3.593,-7.597001,0,3.402,-7.678,0,3.362,-7.778,0,3.145,-7.667,0,3.056,-7.607,0,2.993,-7.445,0,2.997,-7.5,0,2.902,-7.684,0,2.787,-7.628,0,2.697,-7.494,0,2.763,-7.369,0,2.857,-7.227,0,2.952,-7.188,0,3.047,-7.113,0,3.057,-7.144001,0,2.975|-7.126,0,2.945,-6.922,0,2.978,-6.646,0,2.854,-6.499,0,2.57,-6.464,0,2.478,-6.399,0,2.407,-6.341,0,2.284,-6.357,0,2.169,-6.302001,0,2.101,-6.302001,0,2.021,-6.426,0,1.67,-6.433,0,1.247,-6.315001,0,1.045,-6.322001,0,0.855,-6.167,0,0.785,-6.134,0,0.484,-6.107,0,0.332,-5.949,0,0.361,-5.875,0,0.318,-5.905,0,0.193,-5.871,0,0.129,-5.838,0,0.063,-5.517,0,-0.047,-5.402,0,-0.433,-5.316,0,-0.538,-5.257,0,-0.54,-5.195,0,-0.571|-7.441,0,0.292,-7.478,0,0.342,-7.561,0,0.35,-7.577,0,0.464,-7.653,0,0.52,-7.685,0,0.757,-7.586,0,0.811,-7.558001,0,0.914,-7.406,0,0.969,-7.365,0,0.927,-7.339,0,0.942,-7.332,0,1.032,-7.158,0,1.14,-6.993001,0,1.037,-6.814,0,1.032,-6.855,0,0.876,-6.813,0,0.822,-6.744,0,0.84,-6.690001,0,0.7830001,-6.717,0,0.6950001,-6.781,0,0.674,-6.701,0,0.565,-6.731,0,0.381,-6.831,0,0.356,-6.994,0,0.399,-7.003,0,0.539,-7.055,0,0.438,-7.157001,0,0.469,-7.436,0,0.279|-3.242,0,2.808,-3.398,0,3.045,-3.454,0,3.321,-3.366,0,3.418,-3.508,0,3.499,-3.455,0,3.551,-3.573,0,3.816,-3.691,0,3.896,-3.779,0,3.856,-3.922,0,3.871,-4.014,0,3.867,-4.058,0,3.94,-3.99,0,4.032,-3.994,0,4.105,-3.818,0,4.144,-3.813,0,4.259,-3.714,0,4.277,-3.64,0,4.346,-3.339,0,4.401,-3.197,0,4.518,-3.195,0,4.603,-2.973,0,4.686,-2.734,0,4.657,-2.599,0,4.637,-2.51,0,4.624,-2.39,0,4.566,-2.505,0,4.481,-2.449,0,4.445,-2.287,0,4.435,-2.277,0,4.522,-2.181,0,4.498,-2.118,0,4.544,-2.068,0,4.428,-2.194,0,4.298,-2.224,0,4.184,-2.173,0,4.097,-2.187,0,3.997,-2.203,0,3.876,-2.323,0,3.821,-2.257,0,3.745,-2.218,0,3.65,-2.393,0,3.495,-2.631,0,3.353,-2.926,0,3.219,-3.033,0,2.761,-3.134,0,2.722,-3.154,0,2.772,-3.227,0,2.768
