generation:3
name:Australia
tiles:45,46,43,44,49,47,48
my_Color:160,32,240
ui_scale:0.01
ui_position:6.644001,0.01,-2.173
border_width:0.1
borders:4.578,0,-2.961,4.336,0,-2.896,4.067,0,-2.929,3.984,0,-2.867,3.877,0,-2.859,3.645,0,-2.484,3.557,0,-2.468,3.5,0,-2.227,3.324,0,-2.053,3.299,0,-1.902,3.381,0,-1.877,3.458,0,-1.91,3.532,0,-1.898,3.613,0,-2.044,3.698,0,-2.036,3.735,0,-2.107,3.793,0,-2.163,3.924,0,-2.162,3.94,0,-2.059,4.209,0,-1.889,4.212,0,-1.813,4.279,0,-1.763,4.304,0,-1.64,4.534,0,-1.751,4.544,0,-1.901,4.479,0,-1.977,4.52,0,-2.111,4.7,0,-2.134,4.772,0,-2.078,4.873,0,-2.14,4.788,0,-2.237,4.647,0,-2.261,4.755,0,-2.304,4.657,0,-2.395,4.698,0,-2.48,4.732,0,-2.6,4.724,0,-2.707,4.639,0,-2.705,4.569,0,-2.618,4.494,0,-2.74,4.557,0,-2.796,4.632,0,-2.849,4.584,0,-2.965|4.843,0,-1.862,4.904,0,-1.777,4.801,0,-1.617,4.875,0,-1.486,5.085,0,-1.525,5.125,0,-1.645,5.188,0,-1.521,5.363,0,-1.526,5.522,0,-1.601,5.577,0,-1.698,5.754,0,-1.774,5.792,0,-1.877,5.912,0,-1.963,5.934,0,-2.038,5.869,0,-2.072,5.975,0,-2.311,5.909,0,-2.382,5.766,0,-2.359,5.672,0,-2.223,5.55,0,-2.323,5.343,0,-2.311,5.145,0,-2.213,5.162,0,-1.993,5.102,0,-1.904,4.865,0,-1.863|7.024,0,-2.801,7.171,0,-3.36,7.22,0,-3.443,7.156,0,-3.656,7.196001,0,-3.77,7.065001,0,-3.77,7.015,0,-4.07,6.924,0,-4.125,6.897,0,-4.418,6.964,0,-4.447,6.962,0,-4.601,7.443,0,-4.749,7.588,0,-4.645,7.681,0,-4.301,7.681,0,-4.039,7.675,0,-3.938,7.603,0,-3.828,7.637001,0,-3.75,7.806,0,-3.657,7.588,0,-3.458,7.588,0,-3.31,7.696001,0,-2.953,7.747,0,-2.721,7.772,0,-2.472,7.694,0,-2.337,7.466001,0,-2.586,7.28,0,-2.733,7.069,0,-2.778,7.033,0,-2.809|4.813,0,-4.286,4.955,0,-4.289,4.947,0,-4.196,5.338,0,-4.112,5.425,0,-4.293,5.493,0,-4.374,5.603,0,-4.407,5.615,0,-4.518,5.758,0,-4.664,5.875,0,-4.612,5.952,0,-4.669,6.071,0,-4.576,6.242,0,-4.55,6.334,0,-4.212,6.436,0,-4.07,6.524,0,-3.631,6.417,0,-3.411,6.317,0,-3.273,6.283,0,-3.162,6.138,0,-3.091,6.104,0,-2.746,5.999,0,-2.784,5.932,0,-2.511,5.852,0,-2.562,5.857,0,-2.709,5.81,0,-2.913,5.708,0,-2.923,5.669,0,-2.78,5.551,0,-2.816,5.658,0,-2.639,5.592,0,-2.54,5.323,0,-2.588,5.136,0,-2.768,5.028,0,-2.765,4.906,0,-2.893,4.775,0,-2.95,4.652,0,-3.107,4.535,0,-3.226,4.399,0,-3.25,4.327,0,-3.333,4.21,0,-3.335,4.178,0,-3.573,4.152,0,-3.755,4.234,0,-4.032,4.3,0,-4.077,4.232,0,-4.307,4.394,0,-4.443,4.741,0,-4.28,4.79,0,-4.281|5.84,0,-0.8890001,6.048,0,-1.016,6.184,0,-0.789,6.141,0,-0.663,5.976,0,-0.6070001,5.911,0,-0.421,5.836,0,-0.379,5.927,0,-0.151,5.831,0,-0.015,5.69,0,-0.017,5.638,0,-0.165,5.527,0,-0.335,5.443,0,-0.482,5.422,0,-0.731,5.503,0,-0.946,5.655,0,-0.9860001,5.815,0,-0.8890001
