position:-2.204499,3.533352,-2.748676
fov:60
camera_movement_speed_xz:1
camera_movement_speed_y:1
