verts:0.208,0,3.379,0.344,0,3.382,0.475,0,3.383,0.587,0,3.403,0.596,0,3.485,0.498,0,3.55,0.377,0,3.576,0.257,0,3.58,0.093,0,3.621,0.068,0,3.545,0.036,0,3.372,0.037,0,3.166,0.059,0,3.017,0.09,0,2.882,0.105,0,2.707,0.097,0,2.595,-0.123,0,2.577,-0.178,0,2.569,-0.158,0,2.493,-0.06900001,0,2.416,-0.09900001,0,2.308,-0.165,0,2.345,-0.197,0,2.415,-0.249,0,2.271,-0.257,0,2.204,-0.174,0,2.141,-0.07600001,0,2.126,-0.019,0,2.086,0.008,0,1.975,0.011,0,1.784,0.039,0,1.736,0.054,0,1.573,-0.01,0,1.46,-0.082,0,1.411,-0.046,0,1.362,-0.043,0,1.318,0.024,0,1.303,0.08800001,0,1.204,0.08800001,0,1.093,0.085,0,0.9900001,0.1,0,0.9250001,0.141,0,0.9950001,0.276,0,1.001,0.329,0,0.872,0.387,0,0.8340001,0.447,0,0.882,0.468,0,0.924,0.403,0,0.98,0.437,0,1.043,0.527,0,1.092,0.597,0,1.097,0.6720001,0,1.104,0.696,0,1.043,0.636,0,0.988,0.589,0,0.9580001,0.664,0,0.776,0.729,0,0.799,0.897,0,0.636,0.924,0,0.549,0.887,0,0.484,0.946,0,0.471,1.147,0,0.537,1.216,0,0.598,1.191,0,0.702,1.198,0,0.814,1.148,0,0.8800001,1.067,0,1.078,1.067,0,1.24,1.135,0,1.3,1.141,0,1.41,1.073,0,1.479,1.023,0,1.694,1.091,0,1.768,1.11,0,1.885,1.231,0,1.874,1.339,0,1.918,1.472,0,1.989,1.603,0,1.941,1.673,0,2.073,1.782,0,2.099,1.749,0,2.284,1.785,0,2.373,1.649,0,2.488,1.659,0,2.573,1.709,0,2.657,1.663,0,2.717,1.664,0,2.966,1.65,0,3.117,1.721,0,3.269,1.743,0,3.375,1.738,0,3.538,1.685,0,3.613,1.526,0,3.629,1.425,0,3.528,1.31,0,3.549,1.201,0,3.583,1.081,0,3.521,1.013,0,3.442,0.904,0,3.37,0.853,0,3.416,0.8010001,0,3.51,0.7130001,0,3.517,0.7600001,0,3.366,0.6760001,0,3.266,0.5470001,0,3.203,0.471,0,3.236,0.485,0,3.154,0.388,0,3.088,0.337,0,3.129,0.323,0,3.227,0.215,0,3.283
ID:13
num_troops:0
team:-1
name:Eastern Europe
position:0,0,0
UI_scale_factor:1
UI_position:0.6601983,0.01,2.184883
