verts:5.022,0,-1.851,5.137,0,-1.866,5.226,0,-1.941,5.221,0,-2.051,5.182,0,-2.18,5.234,0,-2.188,5.343,0,-2.264,5.433,0,-2.248,5.55,0,-2.268,5.666,0,-2.174,5.762,0,-2.232,5.811,0,-2.318,5.92,0,-2.344,5.932,0,-2.288,5.819,0,-2.067,5.868001,0,-1.998,5.75,0,-1.898,5.74,0,-1.816,5.527,0,-1.743,5.465,0,-1.605,5.418,0,-1.6,5.337,0,-1.559,5.208,0,-1.588,5.215,0,-1.69,5.136,0,-1.758,5.078,0,-1.671,5.09,0,-1.564,4.993,0,-1.55,4.896,0,-1.539,4.84,0,-1.623,4.898,0,-1.661,4.907,0,-1.741,4.993,0,-1.767,4.881,0,-1.867
ID:44
num_troops:0
team:-1
name:Papa New Guinea
position:0,0,0
UI_scale_factor:1
UI_position:5.433052,0.01,-1.9258
