verts:7.216001,0,-3.557,7.188,0,-3.692,7.262001,0,-3.809,7.103,0,-3.812,7.122,0,-3.883,7.078001,0,-4.034,7.043,0,-4.101,6.969,0,-4.147,6.938,0,-4.425,6.991,0,-4.425,7.042,0,-4.588,7.1,0,-4.632,7.271,0,-4.67,7.432,0,-4.689,7.506001,0,-4.631,7.561,0,-4.597,7.627,0,-3.994,7.574,0,-3.823,7.628,0,-3.706,7.774,0,-3.642,7.753,0,-3.584,7.577,0,-3.501,7.497,0,-3.535,7.398,0,-3.483,7.262001,0,-3.485
ID:48
num_troops:0
team:-1
name:South New Zealand
position:0,0,0
UI_scale_factor:1
UI_position:7.31648,0.01,-4.0178
