verts:-5.164,0,2.986,-5.215,0,2.606,-5.239,0,2.191,-4.868,0,2.175,-4.846,0,2.087,-4.695,0,2.135,-4.598,0,2.036,-4.549,0,1.881,-4.505,0,1.766,-4.538,0,1.662,-4.499,0,1.632,-4.481,0,1.713,-4.392,0,1.766,-4.437,0,1.784,-4.457,0,1.943,-4.454,0,2.186,-4.434,0,2.268,-4.472,0,2.381,-4.461,0,2.465,-4.496,0,2.54,-4.43,0,2.577,-4.545,0,2.584,-4.647,0,2.533,-4.731,0,2.584,-4.852,0,2.672,-4.947,0,2.829,-4.925,0,2.993
ID:23
num_troops:0
team:-1
name:Ontario
position:0,0,0
UI_scale_factor:1
UI_position:-4.828157,0.01,2.407371
