verts:3.704,0,3.095,3.748,0,3.203,3.863,0,3.218,3.948,0,3.226,4.108,0,3.22,4.125,0,3.275,4.149,0,3.352,4.181,0,3.435,4.253,0,3.464,4.279,0,3.515,4.368,0,3.54,4.469,0,3.524,4.511,0,3.469,4.583,0,3.461,4.606,0,3.536,4.545,0,3.542,4.485,0,3.591,4.471,0,3.672,4.487,0,3.78,4.504,0,3.878,4.563,0,3.897,4.614,0,3.955,4.653,0,3.985,4.661,0,4.033,4.574,0,4.084,4.588,0,4.124,4.517,0,4.155,4.444,0,4.115,4.392,0,4.151,4.195,0,4.107,4.131,0,4.045,4.044,0,4.053,3.993,0,4.016,3.952,0,4.057,3.896,0,4.087,3.823,0,4.16,3.807,0,4.242,3.737,0,4.25,3.655,0,4.16,3.657,0,4.11,3.719,0,4.066,3.739,0,3.989,3.702,0,3.904,3.657,0,3.797,3.66,0,3.64,3.609,0,3.607,3.5,0,3.581,3.432,0,3.613,3.404,0,3.568,3.538,0,3.52,3.547,0,3.438,3.511,0,3.372,3.561,0,3.316,3.563,0,3.232,3.607,0,3.173,3.629,0,3.023
ID:10
num_troops:0
team:-1
name:Siberia 3
position:0,0,0
UI_scale_factor:1
UI_position:4.047518,0.01,3.707518
