verts:6.1,0,-0.8650001,6.127,0,-0.789,6.11,0,-0.716,5.963,0,-0.652,5.877,0,-0.454,5.81,0,-0.416,5.795,0,-0.347,5.878,0,-0.233,5.885,0,-0.121,5.824,0,-0.042,5.73,0,-0.07600001,5.678,0,-0.205,5.581,0,-0.343,5.49,0,-0.455,5.492,0,-0.548,5.461,0,-0.733,5.56,0,-0.923,5.635,0,-0.955,5.811,0,-0.837,6.041,0,-0.9630001
ID:49
num_troops:0
team:-1
name:Philippines
position:0,0,0
UI_scale_factor:1
UI_position:5.7924,0.01,-0.53365
