verts:-6.149,0,0.772,-6.119,0,0.528,-6.058,0,0.484,-6.063,0,0.368,-5.94,0,0.417,-5.811,0,0.31,-5.873,0,0.192,-5.837,0,0.167,-5.828,0,0.109,-5.474,0,-0.033,-5.436,0,-0.139,-5.4,0,-0.196,-5.356,0,-0.384,-5.353,0,-0.445,-5.284,0,-0.507,-5.241,0,-0.494,-5.164,0,-0.5470001,-5.117,0,-0.62,-5.103,0,-0.419,-5.131,0,-0.411,-5.2,0,-0.456,-5.295,0,-0.412,-5.275,0,-0.274,-5.233,0,-0.203,-5.181,0,-0.148,-5.181,0,-0.066,-5.239,0,-0.005,-5.227,0,0.064,-5.185,0,0.133,-5.131,0,0.175,-5.106,0,0.288,-5.23,0,0.3,-5.246,0,0.225,-5.296,0,0.18,-5.375,0,0.159,-5.478,0,0.17,-5.531,0,0.239,-5.563,0,0.325,-5.575,0,0.45,-5.6,0,0.527,-5.547,0,0.72,-5.645,0,0.715,-5.715,0,0.78,-5.813,0,0.8200001,-6.019,0,0.858,-6.107,0,0.9120001,-6.264,0,0.923,-6.308,0,0.957
ID:26
num_troops:0
team:-1
name:Mexico
position:0,0,0
UI_scale_factor:1
UI_position:-5.790894,0.01,0.5179453
