verts:-6.521,0,3.171,-5.202,0,3.154,-5.168,0,3.091,-4.88,0,3.093,-4.714,0,3.283,-4.612,0,3.315,-4.655,0,3.403,-4.606,0,3.44,-4.511,0,3.376,-4.396,0,3.496,-4.288,0,3.554,-4.31,0,3.638,-4.349,0,3.695,-4.382,0,3.622,-4.463,0,3.614,-4.538,0,3.651,-4.495,0,3.703,-4.578,0,3.707,-4.632,0,3.767,-4.665,0,3.902,-4.612,0,4.012,-4.548,0,4.018,-4.524,0,4.113,-4.573,0,4.061,-4.646,0,4.078,-4.713,0,3.939,-4.751,0,3.817,-4.68,0,3.765,-4.703,0,3.688,-4.804,0,3.681,-4.822,0,3.744,-4.865,0,3.744,-4.877,0,3.635,-5.002,0,3.65,-5.114,0,3.702,-5.214,0,3.608,-5.342,0,3.596,-5.443,0,3.59,-5.552,0,3.64,-5.724,0,3.782,-5.845,0,3.775,-5.842,0,3.832,-6.039001,0,3.806,-6.065,0,3.748,-6.231,0,3.75,-6.277,0,3.672,-6.481,0,3.766,-6.611001,0,3.727,-6.635,0,3.137,-6.56,0,3.131
ID:29
num_troops:0
team:-1
name:Northwest Territories
position:0,0,0
UI_scale_factor:1
UI_position:-5.809884,0.01,3.439282
