verts:4.947,0,1.867,4.97,0,2.061,4.964,0,2.196,4.908,0,2.316,4.889,0,2.417,4.873,0,2.554,4.798,0,2.564,4.748,0,2.632,4.663,0,2.665,4.554,0,2.679,4.549,0,2.738,4.599,0,2.868,4.612,0,2.941,4.678,0,3.005,4.785,0,3.01,4.854,0,3.057,4.94,0,3.016,4.995,0,3.062,5.048,0,3.035,5.141,0,3.044,5.097,0,3.088,5.076,0,3.192,5.113,0,3.295,5.23,0,3.198,5.253,0,3.099,5.314,0,3.039,5.283,0,2.9,5.281,0,2.804,5.286,0,2.672,5.321,0,2.542,5.378,0,2.449,5.461,0,2.405,5.481,0,2.465,5.476,0,2.556,5.501,0,2.647,5.5,0,2.75,5.484,0,2.855,5.455,0,2.933,5.398,0,3.03,5.447,0,3.138,5.622,0,3.125,5.641,0,3.195,5.695,0,3.238,5.715,0,3.312,5.836,0,3.424,5.797,0,3.465,5.727,0,3.521,5.752,0,3.566,5.824,0,3.575,5.907,0,3.591,5.941,0,3.508,6.005,0,3.474,6.086,0,3.483,6.122,0,3.55,6.076,0,3.666,6.008,0,3.653,5.993001,0,3.717,5.969,0,3.72,5.919,0,3.672,5.857,0,3.702,5.839,0,3.771,5.66,0,3.881,5.536,0,3.936,5.516,0,3.989,5.4,0,3.987,5.331,0,4.03,5.227,0,3.922,5.109,0,3.96,5.013,0,3.941,4.875,0,4.026,4.763,0,4.006,4.743,0,3.904,4.678,0,3.887,4.629,0,3.822,4.571,0,3.802,4.584,0,3.62,4.697,0,3.611,4.694,0,3.461,4.648,0,3.372,4.571,0,3.342,4.525,0,3.367,4.455,0,3.372,4.412,0,3.439,4.314,0,3.372,4.265,0,3.357,4.217,0,3.285,4.208,0,3.216,4.198,0,3.132,4.231,0,3.017,4.208,0,2.904,4.229,0,2.73,4.329,0,2.65,4.389,0,2.518,4.435,0,2.529,4.588,0,2.535,4.643,0,2.453,4.701,0,2.423,4.76,0,2.348,4.763,0,2.24,4.752,0,2.16,4.726,0,2.024,4.737,0,1.903,4.686,0,1.851,4.767,0,1.828,4.813,0,1.726,4.881,0,1.692
ID:8
num_troops:0
team:-1
name:Siberia 5
position:0,0,0
UI_scale_factor:1
UI_position:5.118059,0.01,3.54343
