verts:1.336,0,-4.208,1.389,0,-4.157,1.418,0,-4.048,1.478,0,-3.991,1.479,0,-3.939,1.539,0,-3.855,1.575,0,-3.71,1.58,0,-3.63,1.61,0,-3.519,1.634,0,-3.488,1.615,0,-3.395,1.682,0,-3.419,1.666,0,-3.314,1.681,0,-3.224,1.641,0,-3.16,1.574,0,-3.325,1.523,0,-3.329,1.506,0,-3.387,1.439,0,-3.433,1.393,0,-3.501,1.272,0,-3.499,1.162,0,-3.53,1.119,0,-3.609,1.161,0,-3.697,1.206,0,-3.733,1.149,0,-3.755,1.135,0,-3.94,1.031,0,-4.034,1.1,0,-4.132,1.1,0,-4.277,1.294,0,-4.277
ID:38
num_troops:0
team:-1
name:Madagascar
position:0,0,0
UI_scale_factor:1
UI_position:1.402807,0.01,-3.694032
