verts:4.624,0,1.96,4.626,0,2.042,4.647,0,2.151,4.649,0,2.254,4.64,0,2.351,4.571,0,2.362,4.552,0,2.44,4.47,0,2.436,4.412,0,2.424,4.366,0,2.381,4.338,0,2.457,4.274,0,2.548,4.251,0,2.601,4.161,0,2.635,4.116,0,2.748,4.115,0,2.839,4.122,0,2.945,4.113,0,3.042,4.106,0,3.111,3.915,0,3.122,3.897,0,3.069,3.828,0,3.054,3.789,0,3.106,3.761,0,2.971,3.614,0,2.915,3.566,0,2.823,3.554,0,2.739,3.58,0,2.633,3.58,0,2.516,3.526,0,2.43,3.465,0,2.47,3.354,0,2.446,3.285,0,2.465,3.243,0,2.391,3.177,0,2.394,3.147,0,2.32,3.193,0,2.269,3.174,0,2.173,3.151,0,2.086,3.174,0,2.01,3.253,0,1.978,3.379,0,1.95,3.452,0,1.918,3.531,0,1.952,3.657,0,1.911,3.721,0,1.932,3.798,0,1.869,3.816,0,1.918,3.917,0,1.893,3.977,0,2.012,4.03,0,1.962,4.062,0,1.89,4.108,0,1.964,4.069,0,2.042,4.11,0,2.148,4.099,0,2.221,4.138,0,2.284,4.332,0,2.292,4.39,0,2.194,4.463,0,2.132,4.519,0,2.063
ID:9
num_troops:0
team:-1
name:Siberia 4
position:0,0,0
UI_scale_factor:1
UI_position:3.917164,0.01,2.371377
