verts:-2.953,0,-4.552,-2.856,0,-4.506,-2.787,0,-4.474,-2.656,0,-4.499,-2.548,0,-4.398,-2.576,0,-4.342,-2.685,0,-4.265,-2.812,0,-4.204,-2.949,0,-4.156,-3.029,0,-4.186,-3.087,0,-4.242,-3.125,0,-4.333,-3.076,0,-4.438
ID:35
num_troops:0
team:-1
name:Falkland East
position:0,0,0
UI_scale_factor:1
UI_position:-2.856846,0.01,-4.353462
