verts:-4.273,0,1.894,-4.212,0,1.896,-4.165,0,1.814,-3.953,0,1.854,-3.908,0,1.95,-3.831,0,1.953,-3.741,0,1.915,-3.744,0,1.821,-3.748,0,1.72,-3.767,0,1.635,-3.751,0,1.609,-3.659,0,1.701,-3.612,0,1.75,-3.548,0,1.776,-3.551,0,1.84,-3.65,0,1.814,-3.68,0,1.868,-3.692,0,1.936,-3.699,0,2.021,-3.732,0,2.065,-3.784,0,2.042,-3.85,0,1.981,-3.904,0,2.047,-3.826,0,2.129,-3.737,0,2.178,-3.659,0,2.138,-3.516,0,2.188,-3.494,0,2.277,-3.374,0,2.256,-3.316,0,2.303,-3.24,0,2.35,-3.224,0,2.44,-3.304,0,2.463,-3.285,0,2.522,-3.36,0,2.524,-3.4,0,2.574,-3.476,0,2.609,-3.516,0,2.691,-3.541,0,2.769,-3.584,0,2.825,-3.596,0,2.905,-3.638,0,2.849,-3.727,0,2.79,-3.826,0,2.785,-3.828,0,2.875,-3.798,0,2.955,-3.838,0,3.044,-3.939,0,3.096,-4.071,0,3.098,-4.061,0,2.99,-4.123,0,2.948,-4.144,0,2.87,-4.123,0,2.715,-4.144,0,2.618,-4.16,0,2.541,-4.28,0,2.534,-4.261,0,2.461,-4.287,0,2.296,-4.341,0,2.188,-4.348,0,1.887
ID:22
num_troops:0
team:-1
name:Quebec
position:0,0,0
UI_scale_factor:1
UI_position:-3.78065,0.01,2.309717
