verts:-0.021,0,-4.599,0.134,0,-4.612,0.196,0,-4.535,0.375,0,-4.495,0.36,0,-4.45,0.412,0,-4.354,0.444,0,-4.249,0.516,0,-4.219,0.507,0,-4.148,0.573,0,-3.991,0.646,0,-3.836,0.656,0,-3.661,0.719,0,-3.574,0.772,0,-3.547,0.8570001,0,-3.44,0.9070001,0,-3.354,0.9170001,0,-3.245,0.89,0,-3.074,0.8380001,0,-3.102,0.7450001,0,-3.126,0.665,0,-3.187,0.671,0,-3.258,0.669,0,-3.376,0.623,0,-3.434,0.551,0,-3.412,0.526,0,-3.34,0.527,0,-3.247,0.521,0,-3.169,0.516,0,-3.08,0.455,0,-3.009,0.411,0,-2.952,0.32,0,-2.972,0.315,0,-3.052,0.364,0,-3.126,0.325,0,-3.249,0.231,0,-3.171,0.131,0,-3.15,0.009000001,0,-3.113,-0.049,0,-3.064,-0.041,0,-2.967,-0.07700001,0,-2.92,-0.09,0,-2.858,-0.2,0,-2.877,-0.273,0,-2.892,-0.307,0,-2.782,-0.396,0,-2.774,-0.454,0,-2.771,-0.52,0,-2.716,-0.567,0,-2.72,-0.458,0,-2.859,-0.483,0,-2.92,-0.558,0,-3.001,-0.494,0,-3.073,-0.485,0,-3.178,-0.549,0,-3.293,-0.583,0,-3.431,-0.613,0,-3.496,-0.563,0,-3.553,-0.554,0,-3.652,-0.477,0,-3.74,-0.409,0,-3.811,-0.433,0,-3.941,-0.364,0,-4.06,-0.369,0,-4.127,-0.363,0,-4.196,-0.31,0,-4.209,-0.305,0,-4.291,-0.275,0,-4.361,-0.259,0,-4.543,-0.278,0,-4.61,-0.165,0,-4.654
ID:37
num_troops:0
team:-1
name:South Africa
position:0,0,0
UI_scale_factor:1
UI_position:0.09569322,0.01,-3.675882
