verts:-3.092,0,2.803,-3.365,0,3.176,-3.214,0,3.622,-3.591,0,3.998,-3.681,0,4.136,-3.23,0,4.3,-3.044,0,4.555,-2.543,0,4.515,-2.567,0,4.237,-2.247,0,4.385,-2.284,0,4.07,-2.395,0,3.829,-2.355,0,3.675,-2.742,0,3.441,-3.01,0,3.24
ID:51
num_troops:0
team:-1
name:
position:0,0,0
UI_scale_factor:1
UI_position:-2.890667,0.01,3.865467
