verts:5.102,0,0.775,5.099,0,0.689,5.129,0,0.717,5.175,0,0.858,5.253,0,0.905,5.233,0,1.03,5.294,0,1.027,5.368,0,1.074,5.41,0,0.9990001,5.488,0,1.039,5.496,0,1.119,5.542,0,1.133,5.635,0,1.201,5.679,0,1.268,5.74,0,1.28,5.734,0,1.331,5.668,0,1.405,5.649,0,1.538,5.67,0,1.646,5.637,0,1.759,5.562,0,1.788,5.482,0,1.844,5.473,0,1.961,5.624,0,1.979,5.626,0,2.05,5.652,0,2.134,5.738,0,2.112,5.743001,0,2.151,5.717,0,2.206,5.66,0,2.219,5.567,0,2.211,5.468,0,2.213,5.354,0,2.288,5.337,0,2.285,5.447,0,2.155,5.442,0,2.039,5.382,0,1.976,5.443,0,1.819,5.425,0,1.774,5.434,0,1.662,5.474,0,1.596,5.486,0,1.503,5.429,0,1.459,5.407,0,1.384,5.326,0,1.348,5.324,0,1.285,5.298,0,1.207,5.254,0,1.158,5.2,0,1.148,5.123,0,0.988,5.082,0,0.906,5.107,0,0.874,5.02,0,0.8060001
ID:7
num_troops:0
team:-1
name:Japan
position:0,0,0
UI_scale_factor:1
UI_position:5.495248,0.01,1.306683
