verts:-4.647,0,-2.417,-4.624,0,-2.599,-4.666,0,-2.797,-4.648,0,-3.011,-4.68,0,-3.228,-4.708,0,-3.314,-4.683,0,-3.52,-4.683,0,-3.648,-4.74,0,-3.924,-4.695,0,-4.021,-4.688,0,-4.145,-4.594,0,-4.336,-4.483,0,-4.464,-4.408,0,-4.497,-4.353,0,-4.567,-4.229,0,-4.583,-4.134,0,-4.669,-4.07,0,-4.686,-4.008,0,-4.658,-3.905,0,-4.647,-3.907,0,-4.612,-4.014,0,-4.606,-4.049,0,-4.557,-4.173,0,-4.534,-4.202,0,-4.459,-4.236,0,-4.404,-4.244,0,-4.335,-4.297,0,-4.227,-4.246,0,-4.156,-4.227,0,-3.941,-4.244,0,-3.819,-4.178,0,-3.706,-4.177,0,-3.544,-4.117,0,-3.543,-4.073,0,-3.469,-4.062,0,-3.4,-3.973,0,-3.382,-3.849,0,-3.361,-3.782,0,-3.285,-3.819,0,-3.208,-3.862,0,-3.135,-3.619,0,-3.095,-3.583,0,-3.013,-3.629,0,-2.978,-3.624,0,-2.901,-3.708,0,-2.906,-3.713,0,-2.805,-3.773,0,-2.746,-3.658,0,-2.657,-3.668,0,-2.621,-3.845,0,-2.727,-3.923,0,-2.718,-3.965,0,-2.668,-3.92,0,-2.536,-4.001,0,-2.532,-4.044,0,-2.471,-4.116,0,-2.442,-4.143,0,-2.389,-4.243,0,-2.384,-4.339,0,-2.39,-4.423,0,-2.452,-4.504,0,-2.429,-4.54,0,-2.342,-4.636,0,-2.223
ID:34
num_troops:0
team:-1
name:Argentina
position:0,0,0
UI_scale_factor:1
UI_position:-4.324711,0.01,-3.129773
