verts:-5.313,0,2.01,-5.682,0,2.027,-6.269001,0,2.014,-6.311,0,1.845,-6.383,0,1.601,-6.406,0,1.478,-6.387,0,1.265,-6.271,0,1.109,-6.235,0,1.018,-6.115,0,1.035,-5.963,0,0.932,-5.799,0,0.9450001,-5.75,0,0.896,-5.668,0,0.8470001,-5.6,0,0.807,-5.554,0,0.814,-5.565,0,0.937,-5.501,0,0.951,-5.44,0,1.209,-5.331,0,1.232,-5.331,0,1.397,-5.063,0,1.378,-5.071,0,2.086,-5.238,0,2.08
ID:24
num_troops:0
team:-1
name:Western US
position:0,0,0
UI_scale_factor:1
UI_position:-5.76025,0.01,1.329708
