verts:3.461,0,-0.546,3.48,0,-0.609,3.583,0,-0.786,3.661,0,-0.8240001,3.729,0,-0.864,3.868,0,-0.914,3.887,0,-1.035,3.885,0,-1.161,3.904,0,-1.243,3.921,0,-1.336,4.009,0,-1.49,4.085,0,-1.458,4.003,0,-1.222,3.971,0,-1.14,4.066,0,-1.072,4.205,0,-1.159,4.268,0,-1.311,4.371,0,-1.184,4.395,0,-1.081,4.414,0,-0.957,4.361,0,-0.837,4.317,0,-0.705,4.235,0,-0.684,4.207,0,-0.591,4.114,0,-0.539,4.115,0,-0.427,4.144,0,-0.326,4.114,0,-0.252,4.096,0,-0.241,4.058,0,-0.284,4.003,0,-0.309,3.973,0,-0.38,3.838,0,-0.359,3.756,0,-0.319,3.695,0,-0.227,3.64,0,-0.151,3.539,0,-0.201,3.497,0,-0.283,3.451,0,-0.368,3.409,0,-0.439
ID:3
num_troops:0
team:-1
name:Thailand
position:0,0,0
UI_scale_factor:1
UI_position:3.9432,0.01,-0.73285
