verts:0.799,0,-2.809,0.8290001,0,-2.644,0.95,0,-2.589,1.071,0,-2.407,1.235,0,-2.26,1.332,0,-2.154,1.397,0,-2.029,1.486,0,-1.799,1.443,0,-1.752,1.181,0,-1.819,1.046,0,-1.841,0.9810001,0,-1.789,1.015,0,-1.685,0.9210001,0,-1.6,0.9,0,-1.542,0.83,0,-1.479,0.771,0,-1.347,0.789,0,-1.307,0.737,0,-1.264,0.661,0,-1.109,0.082,0,-1.109,0.06,0,-1.203,0.006,0,-1.222,0.013,0,-1.376,-0.035,0,-1.407,0,0,-1.443,-0.035,0,-1.658,0.026,0,-1.671,0.09100001,0,-1.82,0.17,0,-1.904,0.242,0,-2.062,0.338,0,-2.056,0.373,0,-2.121,0.464,0,-2.145,0.525,0,-2.114,0.649,0,-2.136,0.682,0,-2.255,0.631,0,-2.406,0.596,0,-2.429,0.558,0,-2.523,0.474,0,-2.55,0.49,0,-2.691,0.401,0,-2.707,0.397,0,-2.863,0.479,0,-2.865,0.509,0,-2.925,0.5840001,0,-3.046,0.599,0,-3.156,0.665,0,-3.081,0.839,0,-2.981
ID:40
num_troops:0
team:-1
name:Tanzania
position:0,0,0
UI_scale_factor:1
UI_position:0.5270545,0.01,-1.746799
