verts:5.729,0,-3.493,5.814,0,-3.533,5.794,0,-4.379,5.822001,0,-4.451,5.83,0,-4.592,5.881,0,-4.563,5.960001,0,-4.634,6.071,0,-4.519,6.201,0,-4.513,6.237,0,-4.325,6.297,0,-4.173,6.394001,0,-4.127,6.363,0,-4.04,6.438,0,-4.005,6.482,0,-3.602,6.369,0,-3.421,6.332,0,-3.329,6.294,0,-3.305,6.271,0,-3.197,6.098001,0,-3.105,6.082,0,-2.791,6.052001,0,-2.762,5.995,0,-2.832,5.951,0,-2.775,5.919,0,-2.585,5.897,0,-2.609,5.907,0,-2.779,5.861,0,-2.869,5.849,0,-2.977,5.712,0,-2.986,5.646,0,-2.847,5.522,0,-2.862,5.514,0,-2.736,5.604,0,-2.631,5.577,0,-2.611,5.433,0,-2.601,5.34,0,-2.616,5.229,0,-2.668,5.182,0,-2.775,5.209,0,-2.844,5.213,0,-3.524
ID:46
num_troops:0
team:-1
name:Eastern Australia
position:0,0,0
UI_scale_factor:1
UI_position:5.732196,0.01,-3.27277
