verts:-4.791,0,-1.42,-4.685,0,-1.386,-4.59,0,-1.5,-4.622,0,-1.595,-4.518,0,-1.576,-4.401,0,-1.51,-4.11,0,-1.703,-4.028,0,-1.703,-3.906,0,-1.885,-3.792,0,-2.073,-3.778,0,-2.209,-3.66,0,-2.291,-3.63,0,-2.446,-3.552,0,-2.548,-3.585,0,-2.664,-3.663,0,-2.737,-3.619,0,-2.75,-3.622,0,-2.828,-3.539,0,-2.838,-3.553,0,-2.956,-3.511,0,-2.958,-3.46,0,-2.782,-3.365,0,-2.755,-3.379,0,-2.608,-3.316,0,-2.441,-3.263,0,-2.393,-3.002,0,-2.365,-2.897,0,-2.231,-2.855,0,-2.13,-2.8,0,-2.093,-2.789,0,-1.945,-2.794,0,-1.74,-2.715,0,-1.675,-2.705,0,-1.576,-2.604,0,-1.565,-2.562,0,-1.446,-2.598,0,-1.278,-2.711,0,-1.226,-2.819,0,-1.161,-2.909,0,-1.119,-3.074,0,-1.111,-3.128,0,-1.04,-3.433,0,-1.021,-3.461,0,-0.952,-3.399,0,-0.873,-3.439,0,-0.77,-3.481,0,-0.7180001,-3.577,0,-0.881,-3.739,0,-0.8940001,-3.798,0,-0.9400001,-4.058,0,-0.897,-4.1,0,-0.8280001,-4.114,0,-0.738,-4.284,0,-0.8340001,-4.337,0,-0.943,-4.442,0,-0.956,-4.554,0,-0.901,-4.641,0,-1.026,-4.606,0,-1.055,-4.604,0,-1.129,-4.697,0,-1.176,-4.706,0,-1.251,-4.77,0,-1.25,-4.809,0,-1.342,-4.887,0,-1.364
ID:33
num_troops:0
team:-1
name:Brazil
position:0,0,0
UI_scale_factor:1
UI_position:-3.388894,0.01,-1.481605
