verts:4.331,0,-0.405,4.398,0,-0.319,4.48,0,-0.229,4.519,0,-0.242,4.541,0,-0.139,4.647,0,0.025,4.697,0,0.083,4.739,0,0.381,4.695,0,0.398,4.702,0,0.535,4.689,0,0.618,4.615,0,0.6760001,4.554,0,0.7600001,4.557,0,0.835,4.295,0,0.877,4.197,0,0.8560001,4.11,0,0.9,3.977,0,0.858,3.777,0,0.938,3.586,0,0.927,3.533,0,0.98,3.404,0,1.075,3.311,0,1.192,3.259,0,1.276,3.179,0,1.478,3.082,0,1.524,3.097,0,1.596,3.06,0,1.695,2.97,0,1.691,2.891,0,1.707,2.836,0,1.756,2.836,0,1.672,2.775,0,1.643,2.74,0,1.56,2.737,0,1.492,2.668,0,1.425,2.664,0,1.362,2.69,0,1.203,2.623,0,1.15,2.587,0,1.008,2.477,0,0.989,2.447,0,0.913,2.511,0,0.827,2.54,0,0.691,2.601,0,0.734,2.664,0,0.6620001,2.751,0,0.652,2.812,0,0.42,2.752,0,0.331,2.817,0,0.304,2.971,0,0.175,3.034,0,0.215,3.129,0,0.116,3.17,0,0.167,3.264,0,0.122,3.27,0,0.039,3.31,0,0.06900001,3.505,0,0.058,3.563,0,-0.085,3.638,0,-0.019,3.735,0,-0.071,3.78,0,-0.2,3.843,0,-0.255,3.901,0,-0.263,3.954,0,-0.21,4.02,0,-0.2,4.049,0,-0.116,4.155,0,-0.145,4.2,0,-0.226
ID:5
num_troops:0
team:-1
name:China
position:0,0,0
UI_scale_factor:1
UI_position:3.505957,0.01,0.6161159
