verts:-1.467,0,1.246,-1.51,0,1.155,-1.579,0,1.169,-1.682,0,1.156,-1.726,0,1.055,-1.806,0,1.067,-1.909,0,1.057,-1.97,0,1.013,-1.901,0,1.004,-1.832,0,0.947,-1.803,0,0.8790001,-1.732,0,0.839,-1.751,0,0.669,-1.813,0,0.544,-1.899,0,0.56,-1.971,0,0.5330001,-2.072,0,0.553,-2.13,0,0.604,-2.156,0,0.5560001,-2.218,0,0.521,-2.186,0,0.381,-2.118,0,0.307,-2.143,0,0.195,-2.227,0,0.012,-2.135,0,-0.001,-2.126,0,-0.094,-1.996,0,-0.09,-1.914,0,-0.081,-1.822,0,-0.15,-1.769,0,-0.213,-1.725,0,-0.206,-1.673,0,-0.138,-1.626,0,-0.074,-1.561,0,-0.082,-1.534,0,0.012,-1.461,0,0.089,-1.504,0,0.187,-1.513,0,0.313,-1.485,0,0.404,-1.451,0,0.501,-1.391,0,0.583,-1.309,0,0.588,-1.224,0,0.526,-1.164,0,0.595,-1.202,0,0.67,-1.174,0,0.753,-1.221,0,0.826,-1.18,0,0.906,-1.181,0,1.002,-1.259,0,1.128,-1.328,0,1.241,-1.394,0,1.316
ID:16
num_troops:0
team:-1
name:Western Europe
position:0,0,0
UI_scale_factor:1
UI_position:-1.690827,0.01,0.5487115
