my_Color:0,0,0
line_width:1
verts:4.691,0,-1.613,7.653,0,-1.304,8.841001,0,-2.022,9.938001,0,-2.857,11.556,0,-4.167,12.708,0,-5.124,13.213,0,-5.501
