verts:8.143001,0,8.772,8.893001,0,9.154,9.262,0,9.887,9.711,0,9.668,10.737,0,9.68,10.639,0,7.437,10.394,0,5.962,10.126,0,4.95,9.783,0,3.646,9.190001,0,3.809,8.723001,0,3.858,7.548,0,3.871,7.773,0,6.067,8.118,0,7.62
ID:15
num_troops:0
team:-1
name:
position:0,0,0
UI_scale_factor:3
UI_position:9.217143,0.01,6.7415
