verts:-33.438,0,14.293,-33.915,0,14.912,-34.219,0,15.057,-35.713,0,15.471,-35.9,0,17.566,-35.69,0,17.701,-35.505,0,18.193,-35.359,0,18.487,-35.348,0,18.839,-35.128,0,19.155,-34.95,0,19.333,-34.91,0,19.662,-34.483,0,19.662,-34.262,0,19.399,-34.114,0,19.099,-34.057,0,18.7,-33.902,0,18.45,-33.792,0,18.047,-33.478,0,17.629,-33.22,0,17.17,-32.973,0,16.928,-33.186,0,16.22,-33.292,0,15.505
ID:2
num_troops:0
team:-1
name:
position:0,0,0
UI_scale_factor:3
UI_position:-34.53658,0.01,17.33084
