verts:-34.37,0,7.929,-36.057,0,8.150001,-35.789,0,14.394,-35.437,0,14.403,-34.994,0,14.292,-34.796,0,14.199,-34.517,0,14.098,-34.346,0,13.895,-34.16,0,13.546,-33.974,0,13.273,-33.833,0,13.092,-33.945,0,12.57,-33.967,0,12.124,-33.962,0,11.683,-34.005,0,11.021,-34.181,0,9.971001,-34.277,0,9.287001,-34.33,0,8.548
ID:1
num_troops:0
team:-1
name:
position:0,0,0
UI_scale_factor:3
UI_position:-35.1789,0.01,10.90859
