verts:18.93,0,11.788,16.751,0,18.27,17.471,0,18.036,17.753,0,17.735,20.634,0,17.669,21.604,0,16.234,21.939,0,15.452,22.303,0,14.614,22.663,0,13.688,22.958,0,13.102,23.062,0,12.396,22.437,0,12.803,21.729,0,12.85,21.163,0,12.803,20.644,0,12.709,20.08,0,12.583,19.627,0,12.364
ID:18
num_troops:0
team:-1
name:
position:0,0,0
UI_scale_factor:3
UI_position:20.04596,0.01,15.22697
