verts:-20.671,0,-14.132,-19.933,0,-13.262,-19.491,0,-11.89,-18.922,0,-11.73,-18.771,0,-8.216001,-17.94,0,-8.477,-17.802,0,-9.509001,-17.84,0,-10.647,-17.378,0,-11.351,-16.749,0,-12.354,-16.329,0,-12.897,-14.758,0,-13.871,-15.239,0,-16.179,-15.939,0,-16.128,-17.069,0,-16.166,-19.226,0,-16.012
ID:29
num_troops:0
team:-1
name:
position:0,0,0
UI_scale_factor:3
UI_position:-17.89667,0.01,-13.52495
