verts:28.605,0,-1.502,28.968,0,-3.078,29.089,0,-5.744,28.893,0,-12.326,30.61,0,-12.046,30.612,0,-9.986,30.116,0,-9.248,30.114,0,-8.489,30.98,0,-8.18,31.997,0,-7.856,32.369,0,-7.574,32.38,0,-6.648,32.257,0,-5.651,32.178,0,-4.687,32.066,0,-3.774,31.802,0,-2.85,31.533,0,-2.107,30.099,0,-2.043
ID:44
num_troops:0
team:-1
name:
position:0,0,0
UI_scale_factor:3
UI_position:30.81489,0.01,-6.321611
