verts:4.542,0,-13.383,4.525,0,-17.114,8.439,0,-16.859,8.259001,0,-12.333,7.062,0,-12.171,6.164001,0,-12.279,5.746,0,-12.797,5.171,0,-13.223
ID:38
num_troops:0
team:-1
name:
position:0,0,0
UI_scale_factor:3
UI_position:6.238501,0.01,-13.76988
