verts:0.6720001,0,-3.74,-0.502,0,-1.693,0.194,0,-1.032,0.266,0,0.045,2.126,0,-0.8880001,2.833,0,-1.577,3.645,0,-2.348,4.359,0,-3.161,4.968,0,-4.239,5.001,0,-4.771,3.304,0,-5.103,2.56,0,-4.077,1.937,0,-3.815,1.299,0,-3.715
ID:35
num_troops:0
team:-1
name:
position:0,0,0
UI_scale_factor:3
UI_position:2.333,0.01,-2.865286
