verts:-3.708,0,3.382,-3.951,0,4.195,-4.035,0,5.058,-4.175,0,5.836,-4.315,0,6.595,-4.373,0,7.129,-4.439,0,8.654,-4.748,0,9.189,-4.684,0,9.841001,-4.45,0,10.557,-4.392,0,10.98,-4.171,0,11.148,-3.93,0,10.26,-3.849,0,9.773001,-3.661,0,9.185,-3.479,0,8.408,-3.376,0,7.957,-2.909,0,7.963,-2.669,0,6.79,-2.25,0,5.995,-1.782,0,5.372,-1.111,0,5.159,-0.264,0,3.956,0.136,0,3.821,1.209,0,2.911,-2.91,0,2.982,-3.177,0,3.324
ID:11
num_troops:0
team:-1
name:
position:0,0,0
UI_scale_factor:3
UI_position:-3.01575,0.01,5.17448
