verts:-3.316,0,-5.013,-4.997,0,-4.092,-3.28,0,0.174,-2.109,0,0.654,-0.7040001,0,0.628,-0.595,0,-0.032,-0.969,0,-0.814,-1.665,0,-1.258,-1.917,0,-1.511,-2.192,0,-2.176,-2.464,0,-2.773
ID:34
num_troops:0
team:-1
name:
position:0,0,0
UI_scale_factor:3
UI_position:-2.882606,0.01,-1.836086
