verts:20.419,0,-2.774,21.675,0,-2.156,22.721,0,-3.714,23.706,0,-4.291,24.229,0,-5.112,25.419,0,-5.693,24.33,0,-8.21,24.121,0,-9.268001,23.36,0,-9.965,22.613,0,-8.238,22.19,0,-7.338,21.832,0,-6.152,21.603,0,-5.124,21.109,0,-4.471,21.058,0,-3.888
ID:42
num_troops:0
team:-1
name:
position:0,0,0
UI_scale_factor:3
UI_position:22.69233,0.01,-5.7596
