verts:19.574,0,10.573,19.946,0,11.364,20.997,0,11.917,21.926,0,12.014,22.198,0,11.558,23.315,0,11.218,24.63,0,5.15,20.946,0,5.181,20.599,0,7.442,20.135,0,9.275001
ID:19
num_troops:0
team:-1
name:
position:0,0,0
UI_scale_factor:3
UI_position:21.79841,0.01,8.877726
