verts:-5.61,0,-13.494,-6.188,0,-12.869,-6.151,0,-11.758,-6.299,0,-10.739,-7.812,0,-9.844001,-5.872,0,-5.766,-5.816,0,-4.889,-3.72,0,-5.741,-3.746,0,-6.664001,-3.891,0,-7.788001,-4.192,0,-8.121,-4.528,0,-8.624001,-4.826,0,-9.329,-4.936,0,-10.381
ID:33
num_troops:0
team:-1
name:
position:0,0,0
UI_scale_factor:3
UI_position:-5.799201,0.01,-8.140742
