verts:-25.282,0,13.004,-24.914,0,9.572001,-24.597,0,8.873,-24.522,0,8.388,-23.455,0,8.388,-22.962,0,8.804001,-22.551,0,9.320001,-22.237,0,9.628,-21.895,0,9.910001,-21.75,0,10.207,-21.786,0,10.861,-21.723,0,11.391,-21.714,0,12.2,-21.664,0,12.886,-21.821,0,13.106,-22.791,0,13.18,-23.574,0,13.298,-24.749,0,13.254
ID:6
num_troops:0
team:-1
name:
position:0,0,0
UI_scale_factor:3
UI_position:-23.63035,0.01,11.08469
