verts:-7.343,0,6.101,-8.96,0,7.788001,-8.997001,0,8.743,-8.787001,0,9.571,-8.715,0,10.973,-8.417001,0,12.237,-8.223001,0,13.179,-8.032001,0,14.436,-7.839,0,15.796,-7.616,0,16.8,-7.460001,0,17.686,-6.781,0,17.832,-6.405,0,16.944,-6.074,0,16.31,-5.679,0,15.369,-5.344,0,14.538,-5.066,0,13.786,-4.861,0,12.958,-4.774,0,12.466,-5.212,0,11.717,-5.409,0,10.745,-5.594,0,9.641001,-6.136,0,9.655001,-6.465,0,8.599,-6.994,0,7.702
ID:10
num_troops:0
team:-1
name:
position:0,0,0
UI_scale_factor:3
UI_position:-6.79048,0.01,12.35466
