verts:16.936,0,-1.301,15.662,0,-0.952,16.798,0,1.44,17.58,0,1.831,19.155,0,1.605,19.909,0,1.2,20.557,0,0.872,20.892,0,0.501,21.189,0,-0.339,21.386,0,-0.8940001,21.452,0,-1.286,20.197,0,-1.59,19.706,0,-0.851,19.445,0,-0.398,19.255,0,0.072,18.403,0,0.087,17.816,0,0.028,17.494,0,-0.134
ID:41
num_troops:0
team:-1
name:
position:0,0,0
UI_scale_factor:3
UI_position:18.47425,0.01,0.8871344
