verts:25.812,0,-4.647,24.389,0,-3.577,25.933,0,0.045,27.224,0,1.693,27.919,0,1.787,29.108,0,1.46,29.512,0,1.243,29.952,0,0.657,30.348,0,0.274,30.692,0,-0.366,30.988,0,-1.016,29.893,0,-0.8200001,29.194,0,-0.789,28.274,0,-0.5930001,28.082,0,-0.487,27.619,0,-0.654,27.512,0,-1.151,27.14,0,-1.645,26.785,0,-2.195,26.477,0,-2.772,26.302,0,-3.475
ID:43
num_troops:0
team:-1
name:
position:0,0,0
UI_scale_factor:3
UI_position:27.65185,0.01,0.304879
