verts:-16.563,0,-2.352,-15.791,0,0.377,-12.6,0,0.147,-12.578,0,-6.322001,-14.098,0,-4.939,-15.201,0,-4.57,-15.406,0,-3.178
ID:31
num_troops:0
team:-1
name:
position:0,0,0
UI_scale_factor:3
UI_position:-14.26785,0.01,-1.79785
