verts:-27.422,0,-9.998,-25.919,0,-9.798,-24.693,0,-8.862,-24.456,0,-6.409,-24.089,0,-5.971,-23.166,0,-6.016,-23.961,0,-4.269,-26.496,0,-3.99,-26.725,0,-4.96,-26.727,0,-6.027,-26.937,0,-7.098001
ID:28
num_troops:0
team:-1
name:
position:0,0,0
UI_scale_factor:3
UI_position:-25.50827,0.01,-6.672546
