verts:-3.667,0,-9.660001,-3.301,0,-8.979,2.288,0,-8.648001,2.698,0,-9.333
ID:37
num_troops:0
team:-1
name:
position:0,0,0
UI_scale_factor:3
UI_position:-0.4955,0.01,-9.155001
