verts:-26.889,0,17.5,-28.233,0,17.583,-28.816,0,17.186,-28.99,0,17.058,-29.104,0,17.426,-29.259,0,18.011,-29.239,0,18.793,-29.139,0,19.127,-28.943,0,19.462,-28.745,0,19.626,-28.662,0,20.004,-28.434,0,20.355,-28.177,0,20.679,-28.013,0,21.094,-27.726,0,21.486,-27.493,0,21.883,-27.203,0,22.042,-26.677,0,21.783,-26.393,0,21.555,-26.054,0,21.269,-25.614,0,20.897,-25.393,0,20.624,-24.944,0,20.382,-24.753,0,20.16,-25.008,0,19.872,-25.204,0,19.643,-25.344,0,19.32,-25.466,0,18.999,-25.605,0,18.68,-25.911,0,18.354,-26.222,0,18.113,-26.522,0,17.92,-26.766,0,17.663
ID:4
num_troops:0
team:-1
name:
position:0,0,0
UI_scale_factor:3
UI_position:-26.60016,0.01,19.73851
