verts:29.648,0,-17.462,32.325,0,-17.683,32.544,0,-8.698,31.283,0,-9.029,31.475,0,-12.075,31.347,0,-12.815,30.83,0,-13.01,29.748,0,-13.04,29.265,0,-13.295,28.968,0,-13.875,29.062,0,-15.983,29.24,0,-17.428
ID:45
num_troops:0
team:-1
name:
position:0,0,0
UI_scale_factor:3
UI_position:30.47792,0.01,-13.69942
