verts:-29.186,0,-13.247,-28.145,0,-16.084,-25.853,0,-16.169,-24.382,0,-11.178,-23.805,0,-10.267,-23.125,0,-10.313,-22.305,0,-11.676,-21.779,0,-13.108,-21.25,0,-13.218,-20.465,0,-11.912,-20.804,0,-11.575,-21.65,0,-9.579,-22.143,0,-8.620001,-22.324,0,-7.379,-23.531,0,-6.984,-23.644,0,-7.819,-23.744,0,-8.632,-23.81,0,-9.242001,-23.975,0,-9.769,-24.451,0,-10.247,-25.445,0,-10.677,-26.382,0,-10.874,-27.587,0,-10.885,-27.841,0,-12.367,-28.941,0,-12.751
ID:27
num_troops:0
team:-1
name:
position:0,0,0
UI_scale_factor:3
UI_position:-26.38142,0.01,-12.6505
