verts:28.221,0,14.673,28.326,0,10.133,31.247,0,8.669001,31.118,0,13.142,30.414,0,13.592,29.675,0,14.061
ID:23
num_troops:0
team:-1
name:
position:0,0,0
UI_scale_factor:3
UI_position:29.8335,0.01,12.37833
