verts:1.884,0,3.821,1.846,0,5.765,2.063,0,6.707,2.374,0,7.592,2.773,0,8.465,2.864,0,8.985001,3.003,0,9.416,3.059,0,9.871,3.138,0,10.67,3.255,0,11.064,3.353,0,11.545,2.895,0,11.866,2.357,0,12.07,1.757,0,12.408,1.039,0,13.633,0.795,0,13.022,0.051,0,11.701,-0.307,0,10.928,-0.724,0,10.19,-1.001,0,9.716001,-1.278,0,9.447001,-1.688,0,9.045,-1.881,0,8.689,-2.035,0,8.586,-1.99,0,8.037001,-1.851,0,7.274,-1.51,0,6.651,-1.071,0,6.064,-0.477,0,6.079,0.06,0,5.336,0.417,0,4.796,0.8560001,0,4.562
ID:12
num_troops:0
team:-1
name:
position:0,0,0
UI_scale_factor:3
UI_position:0.5246605,0.01,8.495289
