verts:1.22,0,-4.67,2.971,0,-7.871,3.829,0,-9.465,3.871,0,-12.356,4.551,0,-12.356,5.496,0,-11.585,6.476,0,-11.323,8.141001,0,-11.406,7.177001,0,-9.342,6.432,0,-8.235001,5.585,0,-6.752,5.159,0,-5.745,3.898,0,-5.927,2.846,0,-5.719,2.149,0,-5.458,1.97,0,-5.039
ID:36
num_troops:0
team:-1
name:
position:0,0,0
UI_scale_factor:3
UI_position:4.485688,0.01,-8.328063
