verts:-35.492,0,-2.959,-36.209,0,-11.221,-34.214,0,-10.4,-33.039,0,-9.723001,-32.568,0,-9.256001,-33.909,0,-6.42
ID:25
num_troops:0
team:-1
name:
position:0,0,0
UI_scale_factor:3
UI_position:-34.2385,0.01,-8.329834
