verts:-14.628,0,-12.843,-15.564,0,-12.154,-16.397,0,-11.088,-16.927,0,-10.174,-16.964,0,-8.662001,-17.121,0,-7.646,-18.205,0,-7.291,-17.408,0,-3.178,-16.082,0,-3.84,-15.942,0,-5.237,-15.415,0,-5.67,-14.629,0,-5.88,-13.11,0,-7.43,-13.065,0,-8.148001,-13.648,0,-9.38,-13.846,0,-10.122,-14.029,0,-10.856,-14.044,0,-12.096
ID:30
num_troops:0
team:-1
name:
position:0,0,0
UI_scale_factor:3
UI_position:-15.39022,0.01,-8.427501
