verts:28.189,0,21.344,31.247,0,19.762,31.107,0,27.245,28.838,0,27.122
ID:20
num_troops:0
team:-1
name:
position:0,0,0
UI_scale_factor:3
UI_position:29.84525,0.01,23.86825
