verts:8.347,0,10.15,9.135,0,15.192,10.448,0,19.331,11.842,0,18.363,11.583,0,17.136,11.523,0,16.029,11.514,0,15.229,11.452,0,13.882,11.091,0,13.108,10.934,0,12.47,10.834,0,10.504,9.837001,0,10.674,9.255,0,10.912,8.942,0,10.867
ID:14
num_troops:0
team:-1
name:
position:0,0,0
UI_scale_factor:3
UI_position:10.21332,0.01,14.29144
