verts:13.168,0,-11.781,13.253,0,-10.137,13.473,0,-7.670001,13.938,0,-6.205,14.559,0,-6.22,14.375,0,-5.545,14.313,0,-5.243,15.435,0,-1.851,16.688,0,-2.255,16.279,0,-3.087,16.084,0,-3.911,16.158,0,-4.486,16.113,0,-5.221,15.98,0,-6.274,15.644,0,-7.255,15.442,0,-8.051001,15.257,0,-8.811001,15.146,0,-9.719001,15.078,0,-10.378,14.768,0,-10.949,14.304,0,-11.488,13.867,0,-11.736
ID:40
num_troops:0
team:-1
name:
position:0,0,0
UI_scale_factor:3
UI_position:14.53637,0.01,-7.036571
