verts:-18.466,0,15.449,-17.964,0,15.546,-17.667,0,14.614,-17.061,0,14.364,-14.844,0,14.315,-14.342,0,13.964,-13.782,0,13.132,-13.579,0,12.702,-13.025,0,11.983,-13.371,0,11.762,-13.845,0,11.493,-14.125,0,10.912,-14.26,0,10.638,-14.467,0,10.21,-14.643,0,9.93,-14.891,0,9.645,-15.034,0,9.357,-15.092,0,9.066,-15.266,0,9.095,-15.547,0,9.693001,-15.533,0,10.204,-15.703,0,10.667,-16.044,0,11.378,-16.23,0,11.871,-17.23,0,13.549,-17.641,0,14.241
ID:8
num_troops:0
team:-1
name:
position:0,0,0
UI_scale_factor:3
UI_position:-15.21667,0.01,12.53361
