verts:-33.907,0,20.557,-31.886,0,20.193,-31.264,0,19.68,-30.633,0,19.438,-30.46,0,18.683,-30.378,0,18.087,-30.085,0,17.615,-29.952,0,17.045,-29.76,0,16.285,-29.579,0,15.797,-29.817,0,14.158,-30.015,0,14.789,-30.19,0,15.463,-30.305,0,16.067,-30.447,0,16.395,-30.787,0,16.975,-31.02,0,17.192,-31.822,0,17.273,-32.339,0,17.685,-32.813,0,18.191,-33.062,0,18.794,-33.218,0,19.55,-33.617,0,20.133
ID:3
num_troops:0
team:-1
name:
position:0,0,0
UI_scale_factor:3
UI_position:-31.62844,0.01,18.50901
