verts:10.576,0,20.356,11.931,0,19.593,12.656,0,23.684,14.759,0,26.076,12.46,0,27.747,11.663,0,25.39,11.529,0,24.067
ID:16
num_troops:0
team:-1
name:
position:0,0,0
UI_scale_factor:3
UI_position:12.67026,0.01,25.50147
