verts:3.705,0,12.614,2.557,0,13.173,1.82,0,14.373,1.348,0,14.5,2.761,0,18.744,3.711,0,21.355,4.151,0,22.908,6.487,0,22.24,6.322001,0,21.441,6.267,0,20.885,6.211,0,19.687,6,0,18.748,5.605,0,17.909,5.288,0,17.282,5.083,0,16.194,4.705,0,15.384,4.338,0,14.572,4.349,0,12.9
ID:13
num_troops:0
team:-1
name:
position:0,0,0
UI_scale_factor:3
UI_position:3.745216,0.01,17.73634
