verts:13.975,0,23.404,15.558,0,25.448,17.741,0,22.39,18.181,0,21.425,20.039,0,18.633,18.869,0,18.474,17.982,0,18.633,17.692,0,19.032,16.957,0,19.32,16.522,0,19.609,15.997,0,19.625
ID:17
num_troops:0
team:-1
name:
position:0,0,0
UI_scale_factor:3
UI_position:16.60037,0.01,21.98026
