verts:-7.862,0,-17.918,-9.136001,0,-17.668,-8.525001,0,-10.757,-7.026,0,-11.435,-7.09,0,-12.924,-6.965,0,-13.58,-6.491,0,-14.181,-6.856,0,-15.318,-7.314,0,-16.146
ID:32
num_troops:0
team:-1
name:
position:0,0,0
UI_scale_factor:3
UI_position:-7.473889,0.01,-14.43633
