verts:-14.95,0,8.294001,-14.334,0,8.281,-13.159,0,10.729,-12.505,0,11.038,-12.099,0,10.52,-11.847,0,9.77,-11.637,0,9.111,-11.254,0,8.457001,-11.049,0,7.809,-9.851001,0,7.702,-9.563001,0,6.937,-9.202001,0,6.402,-8.685,0,5.898,-8.057,0,5.263,-7.691,0,5.064,-8.200001,0,4.402,-10.128,0,4.389,-10.339,0,4.481,-12.083,0,4.468,-12.188,0,4.494,-12.345,0,4.596,-12.944,0,4.572,-14.201,0,6.823,-14.481,0,7.358
ID:9
num_troops:0
team:-1
name:
position:0,0,0
UI_scale_factor:3
UI_position:-12.15503,0.01,6.654359
